val10A 
Path scanning solution:
s 0,(1,2),(2,3),(3,4),(4,10),(10,9),(9,3),(9,8),(8,7),(7,2),(7,6),(6,1),(1,5),(5,6),(6,12),(12,11),(11,5),(5,18),(18,19),(19,11),(19,20),(20,12),(12,13),(13,6),(13,7),(8,14),(14,13),(13,21),(21,20),(20,30),(30,26),(26,18),(18,29),(29,26),(40,41),0,0,(14,15),(15,9),(9,16),(16,15),(15,23),(23,22),(22,14),(23,24),(24,16),(16,17),(17,10),(17,25),(25,24),(24,32),(32,28),(28,25),(28,38),(38,32),(32,31),(31,22),(22,21),(21,27),(27,30),(30,34),(34,26),(26,19),(29,33),(33,34),(34,35),(35,27),(27,31),(31,23),(42,44),0,0,(29,39),(39,33),(33,40),(40,34),(40,47),(47,46),(46,33),(47,48),(48,41),(41,35),(35,36),(36,27),(31,37),(37,32),(37,36),(36,42),(42,41),(41,49),(49,44),(44,50),(50,43),(43,37),(37,38),(38,43),(43,42),(43,45),(45,38),(45,50),(50,49),(49,48),0
q 507
Sim solution:
s 0,(1,2),(2,7),(2,3),(9,10),(10,4),(4,3),(3,9),(9,8),(8,14),(14,13),(13,21),(21,20),(20,19),(19,26),(26,34),(34,30),(30,20),(20,12),(13,7),(8,7),(7,6),(6,5),(5,18),(18,26),(19,11),(11,5),(5,1),0,0,(6,12),(14,22),(22,21),(21,27),(27,35),(35,34),(34,33),(33,29),(29,26),(26,30),(30,27),(27,31),(31,22),(22,23),(23,24),(24,16),(16,17),(10,17),(17,25),(25,24),(24,32),(32,38),(38,28),(25,28),(28,32),(32,31),(23,15),(15,9),(9,16),(16,15),(13,6),(6,1),0,0,(12,11),(19,18),(18,29),(29,39),(39,33),(40,47),(40,33),(33,46),(46,47),(47,48),(41,49),(49,50),(50,45),(45,43),(43,37),(37,36),(36,27),(34,40),(40,41),(41,48),(48,49),(49,44),(44,50),(50,43),(45,38),(32,37),(42,36),(36,35),(35,41),(41,42),(42,44),(42,43),(43,38),(38,37),(37,31),(31,23),(15,14),(13,12),0
q 440

val10B  
Path scanning solution:
s 0,(1,2),(2,3),(3,4),(4,10),(10,9),(9,3),(9,8),(8,7),(7,2),(7,6),(6,1),(1,5),(5,6),(6,12),(12,11),(11,5),(5,18),(18,19),(19,11),(19,20),(20,12),(12,13),(13,6),(13,7),(8,14),0,0,(13,14),(14,15),(15,9),(9,16),(16,15),(15,23),(23,22),(22,14),(13,21),(21,20),(20,30),(30,26),(26,18),(18,29),(29,26),(26,19),(26,34),(34,30),(30,27),(27,21),(21,22),(22,31),(31,23),(23,24),(24,16),(31,32),0,0,(16,17),(17,10),(17,25),(25,24),(24,32),(32,28),(28,25),(28,38),(38,32),(32,37),(37,31),(31,27),(27,35),(35,34),(34,33),(33,29),(29,39),(39,33),(33,40),(40,34),(40,41),(41,35),(35,36),(36,27),(40,47),(47,46),0,0,(37,36),(36,42),(42,41),(41,48),(48,47),(48,49),(49,41),(49,44),(44,42),(42,43),(43,37),(37,38),(38,43),(43,45),(45,38),(43,50),(50,44),(49,50),(50,45),(33,46),0
q 526
Sim solution:
s 0,(1,5),(5,18),(18,19),(19,11),(11,5),(5,6),(6,7),(2,7),(7,8),(8,9),(9,10),(17,10),(10,4),(4,3),(3,9),(3,2),(2,1),0,0,(12,13),(13,21),(21,20),(20,19),(19,26),(26,29),(29,18),(18,26),(26,34),(34,30),(30,27),(27,21),(21,22),(22,31),(31,23),(23,15),(15,9),(9,16),(16,24),(24,23),(23,22),(22,14),(14,13),(13,6),(6,1),0,0,(15,16),(16,17),(17,25),(28,32),(32,24),(24,25),(25,28),(28,38),(38,37),(37,32),(32,31),(31,27),(27,36),(36,42),(37,36),(36,35),(35,41),(41,40),(33,29),(29,39),(39,33),(33,40),(40,34),(34,35),(35,27),(30,26),(20,12),0,0,(6,12),(12,11),(20,30),(34,33),(33,46),(46,47),(47,40),(47,48),(48,41),(41,42),(44,49),(49,48),(41,49),(49,50),(50,43),(43,45),(45,38),(32,38),(38,43),(43,42),(42,44),(44,50),(50,45),(43,37),(37,31),(15,14),(14,8),(7,13),0
q 450

val10C  
Path scanning solution:
s 0,(1,2),(2,3),(3,4),(4,10),(10,9),(9,3),(9,8),(8,7),(7,2),(7,6),(6,1),(1,5),(5,6),(6,12),(12,11),(11,5),(5,18),(18,19),(19,11),0,0,(6,13),(13,7),(8,14),(14,13),(13,12),(12,20),(20,19),(19,26),(26,18),(18,29),(29,26),(26,30),(30,20),(20,21),(21,13),(14,15),(15,9),(9,16),(16,15),(15,23),(23,22),(31,32),0,0,(14,22),(22,21),(21,27),(27,30),(30,34),(34,26),(29,33),(33,34),(34,35),(35,27),(27,31),(31,22),(23,24),(24,16),(16,17),(17,10),(17,25),(25,24),(28,32),0,0,(23,31),(31,37),(37,32),(32,24),(25,28),(28,38),(38,32),(37,36),(36,27),(34,40),(40,33),(33,39),(39,29),(40,41),(41,35),(35,36),(36,42),(42,41),(41,48),(48,47),(47,40),(47,46),(42,44),0,0,(37,38),(38,43),(43,37),(43,42),(44,49),(49,41),(48,49),(49,50),(50,43),(43,45),(45,38),(45,50),(50,44),(33,46),0
q 560
Sim solution:
s 0,(1,2),(2,3),(3,9),(9,10),(10,4),(4,3),(9,8),(7,6),(6,5),(5,11),(11,19),(19,26),(26,18),(18,5),(5,1),0,0,(6,12),(12,20),(20,19),(19,18),(18,29),(29,26),(26,30),(30,20),(20,21),(21,13),(13,7),(7,2),(7,8),(8,14),(14,15),(15,9),(9,16),(24,16),(16,15),(14,13),0,0,(1,6),(6,13),(16,17),(10,17),(17,25),(25,24),(24,23),(23,22),(22,21),(21,27),(27,30),(30,34),(34,35),(35,36),(36,27),(27,31),(31,22),(22,14),0,0,(27,35),(35,41),(41,40),(33,39),(39,29),(29,33),(33,34),(40,33),(33,46),(46,47),(48,41),(42,43),(43,38),(38,28),(32,28),(28,25),(24,32),(32,37),(37,31),(31,23),(13,12),0,0,(12,11),(26,34),(34,40),(40,47),(47,48),(48,49),(49,44),(44,42),(42,41),(41,49),(49,50),(50,43),(38,37),(37,43),(45,43),(37,36),(36,42),(44,50),(50,45),(45,38),(38,32),(32,31),(23,15),0
q 472

val10D  
Path scanning solution:
s 0,(1,2),(2,3),(3,4),(4,10),(10,9),(9,3),(9,8),(8,7),(7,2),(13,12),0,0,(1,5),(5,6),(6,1),(6,7),(7,13),(13,6),(6,12),(12,11),(11,5),(11,19),0,0,(12,20),(20,19),(19,18),(18,5),(19,26),(26,18),(18,29),(29,26),(26,30),(30,27),(30,34),0,0,(13,14),(14,8),(9,15),(15,14),(14,22),(22,21),(21,13),(15,16),(16,9),(15,23),0,0,(20,21),(21,27),(27,31),(31,22),(22,23),(23,24),(24,16),(16,17),(17,10),0,0,(20,30),(26,34),(34,33),(33,29),(29,39),(39,33),(33,40),(40,34),(34,35),(35,36),0,0,(23,31),(31,32),(32,24),(24,25),(25,17),(25,28),(28,32),(32,37),(37,31),(37,36),(36,42),0,0,(27,35),(35,41),(41,40),(40,47),(47,46),(46,33),(47,48),(48,41),(41,42),(42,43),(43,37),(43,45),(42,44),0,0,(27,36),(37,38),(38,28),(32,38),(38,43),(43,50),(50,44),(44,49),(49,41),0,0,(48,49),(49,50),(50,45),(45,38),0
q 638
Sim solution:
s 0,(1,2),(2,3),(3,4),(4,10),(10,9),(9,3),(9,8),(8,14),(13,6),0,0,(1,5),(5,11),(11,12),(13,7),(7,2),(7,8),(7,6),0,0,(6,12),(11,19),(26,30),(30,34),(34,26),(26,29),(29,18),(18,26),(19,20),(6,1),0,0,(13,21),(21,22),(22,14),(14,15),(23,15),(15,9),(9,16),(16,15),(14,13),0,0,(20,21),(21,27),(27,31),(31,22),(22,23),(23,24),(24,16),(16,17),(17,10),0,0,(12,20),(20,30),(34,33),(33,39),(39,29),(29,33),(33,40),(34,35),(35,36),(35,27),0,0,(31,32),(32,24),(24,25),(17,25),(25,28),(28,32),(32,37),(37,36),(42,36),(36,27),(13,12),0,0,(23,31),(37,43),(43,42),(42,44),(42,41),(41,40),(33,46),(46,47),(47,48),(48,41),(41,35),(30,27),0,0,(31,37),(43,45),(38,32),(28,38),(38,45),(45,50),(50,44),(44,49),(49,41),(40,34),(26,19),0,0,(37,38),(38,43),(43,50),(50,49),(49,48),(47,40),(19,18),(18,5),(5,6),0
q 576

val1A   
Path scanning solution:
s 0,(1,5),(5,2),(2,4),(4,3),(3,9),(9,1),(1,11),(11,5),(5,4),(2,10),(10,3),(9,19),(19,1),(1,20),(20,15),(15,16),(16,12),(12,6),(6,5),(11,6),(6,7),0,0,(19,20),(20,21),(21,15),(16,17),(17,12),(12,11),(17,13),(13,7),(7,8),(8,14),(14,13),(17,18),(18,14),(21,23),(23,22),(22,19),(23,24),(24,21),0
q 212
Sim solution:
s 0,(1,11),(5,11),(6,11),(11,12),(12,16),(16,15),(15,20),(20,19),(19,22),(19,1),(19,9),(9,3),(3,4),(2,5),(5,4),(4,2),(2,10),(10,3),(9,1),0,0,(1,5),(5,6),(6,7),(7,13),(13,17),(17,18),(18,14),(14,13),(14,8),(8,7),(6,12),(12,17),(17,16),(15,21),(21,24),(24,23),(23,22),(23,21),(21,20),(20,1),0
q 180

val1B   
Path scanning solution:
s 0,(1,5),(5,2),(2,4),(4,3),(3,9),(9,1),(1,11),(11,5),(5,4),(2,10),(10,3),(9,19),(19,1),(20,15),(15,16),0,0,(1,20),(20,19),(19,22),(22,23),(23,21),(21,15),(16,12),(12,6),(6,5),(11,12),(17,13),0,0,(20,21),(21,24),(24,23),(16,17),(17,12),(11,6),(6,7),(7,8),(8,14),(14,13),(13,7),(17,18),(18,14),0
q 229
Sim solution:
s 0,(1,19),(19,9),(3,4),(4,5),(5,2),(2,4),(2,10),(10,3),(3,9),(9,1),(1,5),(5,11),(11,12),(12,17),(18,17),(15,20),0,0,(1,20),(20,19),(19,22),(23,21),(21,15),(15,16),(16,12),(12,6),(6,11),(11,1),0,0,(22,23),(23,24),(24,21),(21,20),(16,17),(17,13),(13,14),(14,18),(14,8),(8,7),(13,7),(7,6),(6,5),0
q 185

val1C   
Path scanning solution:
s 0,(1,5),(5,2),(2,4),(4,3),(3,9),(9,1),0,0,(1,11),(11,5),(5,4),(2,10),(10,3),(20,15),0,0,(1,19),(19,9),(1,20),(15,16),0,0,(5,6),(6,7),(7,8),0,0,(19,20),(20,21),(21,15),(16,12),0,0,(19,22),(22,23),(23,21),(24,23),(16,17),(17,13),0,0,(11,6),(6,12),(12,11),(12,17),0,0,(21,24),(17,18),(18,14),(14,8),(7,13),0,0,(13,14),0
q 340
Sim solution:
s 0,(1,11),(11,5),(5,4),(4,3),0,0,(5,2),(4,2),(2,10),(10,3),(3,9),(9,1),0,0,(1,20),(20,19),(19,9),0,0,(5,6),(6,7),(7,13),(15,20),0,0,(20,21),(21,23),(23,24),(24,21),0,0,(1,19),(19,22),(22,23),0,0,(1,5),(11,6),(6,12),(12,11),0,0,(17,18),(14,8),(8,7),(13,14),(14,18),0,0,(16,12),(12,17),(17,13),(17,16),(16,15),(15,21),0
q 257

val2A   
Path scanning solution:
s 0,(1,2),(2,4),(4,3),(3,1),(3,9),(9,10),(10,5),(5,4),(9,19),(19,20),(20,10),(10,11),(11,5),(11,12),(12,6),(6,7),(7,8),(8,14),0,0,(19,22),(22,23),(23,20),(20,21),(21,15),(15,11),(15,16),(16,12),(12,13),(13,14),(14,18),(18,17),(17,13),(17,16),(21,24),(24,23),0
q 287
Sim solution:
s 0,(1,2),(2,4),(5,10),(10,11),(12,6),(6,7),(7,8),(8,14),(13,17),(17,16),(16,15),(15,21),(21,20),(20,10),(10,9),(9,3),(3,1),0,0,(3,4),(4,5),(5,11),(12,13),(13,14),(14,18),(18,17),(16,12),(12,11),(11,15),(21,24),(24,23),(23,22),(22,19),(19,20),(20,23),(19,9),0
q 235

val2B   
Path scanning solution:
s 0,(1,2),(2,4),(4,3),(3,1),(3,9),(9,10),(10,5),(5,4),(9,19),(19,20),(20,10),0,0,(5,11),(11,10),(20,21),(21,15),(15,11),(11,12),(12,6),(6,7),(7,8),(8,14),(14,13),(13,12),(12,16),(16,15),(21,24),0,0,(19,22),(22,23),(23,20),(23,24),(16,17),(17,13),(14,18),(18,17),0
q 337
Sim solution:
s 0,(1,3),(9,10),(10,20),(20,19),(19,9),(3,4),(4,2),0,0,(1,2),(4,5),(5,11),(12,6),(6,7),(7,8),(8,14),(14,13),(13,17),(16,12),(11,15),(15,21),(21,20),(20,23),(9,3),0,0,(5,10),(10,11),(11,12),(12,13),(14,18),(18,17),(17,16),(16,15),(21,24),(24,23),(23,22),(22,19),0
q 267

val2C   
Path scanning solution:
s 0,(1,2),(2,4),(4,3),(3,1),(3,9),0,0,(4,5),(5,10),(10,9),(21,15),0,0,(9,19),(19,20),(20,21),0,0,(5,11),(11,10),(10,20),(13,14),0,0,(19,22),(22,23),(23,20),(21,24),0,0,(11,12),(12,6),(6,7),(7,8),(8,14),0,0,(11,15),(15,16),(16,12),(12,13),(13,17),(14,18),0,0,(23,24),(16,17),(17,18),0
q 568
Sim solution:
s 0,(1,3),(3,9),(3,4),(4,2),(2,1),0,0,(4,5),(5,10),(10,11),0,0,(9,19),(19,20),(20,21),0,0,(5,11),(13,14),(14,18),(18,17),(16,12),0,0,(19,22),(22,23),(23,20),(10,9),0,0,(11,12),(12,6),(6,7),(7,8),(8,14),0,0,(11,15),(15,21),(15,16),(16,17),(17,13),(13,12),0,0,(21,24),(24,23),(20,10),0
q 467

val3A   
Path scanning solution:
s 0,(1,2),(2,4),(4,3),(3,1),(3,9),(9,10),(10,5),(5,4),(5,6),(6,7),(7,8),(8,14),(14,13),(13,12),(12,6),(12,11),(11,5),(10,11),(11,15),(15,16),(16,12),0,0,(9,19),(19,20),(20,10),(20,21),(21,15),(16,17),(17,13),(14,18),(18,17),(21,24),(24,23),(23,20),(19,22),(22,23),0
q 98
Sim solution:
s 0,(1,2),(2,4),(4,5),(5,6),(13,14),(14,18),(18,17),(14,8),(8,7),(7,6),(6,12),(12,16),(21,20),(20,10),(10,11),(11,5),(5,10),(10,9),0,0,(1,3),(4,3),(19,20),(20,23),(23,24),(24,21),(21,15),(15,16),(16,17),(17,13),(13,12),(12,11),(11,15),(23,22),(22,19),(19,9),(9,3),0
q 83

val3B   
Path scanning solution:
s 0,(1,2),(2,4),(4,3),(3,1),(3,9),(9,10),(10,5),(5,4),(5,6),(6,7),(7,8),(8,14),0,0,(9,19),(19,20),(20,10),(10,11),(11,5),(6,12),(12,11),(11,15),(15,16),(16,12),(12,13),(13,14),(14,18),(18,17),(21,24),0,0,(19,22),(22,23),(23,20),(20,21),(21,15),(16,17),(17,13),(24,23),0
q 110
Sim solution:
s 0,(1,2),(2,4),(9,10),(10,5),(5,6),(6,7),(7,8),(8,14),(14,13),(13,12),(21,24),(24,23),0,0,(3,9),(9,19),(19,20),(20,10),(10,11),(11,15),(16,17),(17,18),(18,14),(17,13),(12,6),(5,4),(4,3),0,0,(1,3),(19,22),(22,23),(23,20),(20,21),(21,15),(15,16),(16,12),(12,11),(11,5),0
q 94

val3C   
Path scanning solution:
s 0,(1,2),(2,4),(4,3),(3,1),(3,9),(9,10),(9,19),0,0,(4,5),(5,6),(6,7),(6,12),(12,16),0,0,(19,20),(20,10),(10,5),(5,11),(11,10),0,0,(19,22),(22,23),(23,20),(20,21),0,0,(23,24),(24,21),(21,15),(15,11),(11,12),0,0,(15,16),(16,17),(17,13),(13,12),(13,14),0,0,(7,8),(8,14),(14,18),0,0,(17,18),0
q 182
Sim solution:
s 0,(1,3),(19,20),(20,10),(10,5),(4,2),(2,1),0,0,(5,6),(6,7),(7,8),(14,13),0,0,(3,4),(4,5),(6,12),(12,16),(21,20),(9,3),0,0,(20,23),(23,22),(22,19),(19,9),0,0,(23,24),(24,21),(21,15),(15,11),(11,5),0,0,(15,16),(17,13),(13,12),(12,11),(11,10),(10,9),0,0,(16,17),(17,18),(18,14),(14,8),0
q 144

val4A   
Path scanning solution:
s 0,(1,2),(2,3),(3,4),(4,5),(5,6),(6,12),(12,11),(11,5),(4,10),(10,9),(9,3),(2,8),(8,7),(7,1),(9,8),(7,13),(13,14),(14,9),(10,11),(11,16),(16,15),(15,10),(15,14),(14,23),(23,13),(23,24),(24,25),(16,19),0,0,(15,25),(25,26),(26,19),(19,20),(20,17),(17,11),(17,16),(20,21),(21,22),(22,18),(18,17),(20,27),(27,21),(27,26),(26,32),(32,27),(27,28),(28,22),(27,33),(33,37),(37,36),(36,32),(32,31),(35,34),0,0,(14,24),(24,30),(30,29),(29,23),(29,34),(34,38),(38,39),(39,35),(35,31),(31,25),(31,30),(35,36),(36,39),(39,40),(40,36),(40,41),(41,37),0
q 504
Sim solution:
s 0,(1,7),(13,14),(14,15),(15,16),(16,19),(16,17),(17,20),(20,21),(21,22),(22,18),(18,17),(17,11),(11,12),(12,6),(6,5),(5,11),(11,16),(11,10),(10,4),(5,4),(4,3),(2,1),0,0,(8,9),(9,14),(14,24),(24,25),(25,31),(31,32),(32,36),(36,40),(41,37),(37,33),(33,27),(27,28),(28,22),(21,27),(27,26),(26,32),(32,27),(27,20),(20,19),(19,26),(26,25),(25,15),(15,10),(10,9),(9,3),0,0,(2,8),(8,7),(7,13),(13,23),(23,29),(29,30),(29,34),(36,39),(39,38),(38,34),(34,35),(35,36),(36,37),(41,40),(40,39),(39,35),(35,31),(31,30),(30,24),(24,23),(23,14),(3,2),0
q 400

val4B   
Path scanning solution:
s 0,(1,2),(2,3),(3,4),(4,5),(5,6),(6,12),(12,11),(11,5),(4,10),(10,9),(9,3),(2,8),(8,7),(7,1),(9,8),(7,13),(13,14),(14,9),(10,11),(11,17),(17,20),0,0,(10,15),(15,14),(14,23),(23,13),(23,24),(24,14),(15,16),(16,11),(17,16),(16,19),(19,20),(20,21),(21,22),(22,18),(18,17),(20,27),(27,21),(27,26),(26,19),(26,25),0,0,(15,25),(25,24),(24,30),(30,29),(29,23),(29,34),(34,35),(35,31),(31,25),(26,32),(32,27),(27,28),(28,22),(27,33),(33,37),(37,36),0,0,(30,31),(31,32),(32,36),(36,35),(35,39),(39,36),(36,40),(40,39),(39,38),(38,34),(40,41),(41,37),0
q 526
Sim solution:
s 0,(1,7),(7,13),(13,14),(14,15),(15,10),(10,4),(5,6),(6,12),(12,11),(11,5),(5,4),(4,3),(3,2),0,0,(9,10),(10,11),(11,16),(16,17),(17,18),(18,22),(22,21),(21,27),(27,32),(32,26),(26,19),(16,15),(14,24),(24,23),(23,14),(14,9),(9,8),(8,2),0,0,(11,17),(17,20),(20,21),(22,28),(28,27),(27,33),(40,36),(36,37),(27,26),(26,25),(25,24),(24,30),(29,34),(34,35),(35,31),(31,25),(25,15),(2,1),0,0,(3,9),(8,7),(13,23),(23,29),(29,30),(30,31),(31,32),(32,36),(34,38),(38,39),(39,35),(35,36),(36,39),(39,40),(40,41),(41,37),(37,33),(27,20),(20,19),(19,16),0
q 430

val4C   
Path scanning solution:
s 0,(1,2),(2,3),(3,4),(4,5),(5,6),(6,12),(12,11),(11,5),(4,10),(10,9),(9,3),(2,8),(8,7),(7,1),(9,8),(7,13),(16,19),0,0,(9,14),(14,13),(13,23),(23,14),(14,15),(15,10),(10,11),(11,16),(16,15),(15,25),(25,24),(24,14),(23,24),(19,20),0,0,(11,17),(17,16),(19,26),(26,25),(25,31),(31,30),(30,24),(23,29),(29,30),(29,34),(34,35),(35,31),0,0,(17,18),(18,22),(22,21),(21,20),(20,17),(20,27),(27,21),(27,26),(26,32),(32,27),(27,28),(28,22),(27,33),(33,37),(41,40),0,0,(32,31),(35,36),(36,32),(35,39),(39,36),(36,37),(37,41),(40,36),(39,38),(38,34),(39,40),0
q 595
Sim solution:
s 0,(1,7),(13,7),(7,8),(8,9),(10,4),(5,11),(11,12),(12,6),(6,5),(5,4),(4,3),(8,2),(2,1),0,0,(9,14),(14,23),(23,13),(13,14),(25,24),(24,14),(14,15),(16,17),(11,16),(16,15),(15,10),(10,9),(3,2),0,0,(17,20),(20,27),(32,31),(31,30),(29,23),(23,24),(24,30),(30,29),(29,34),(35,31),(31,25),(25,26),(26,19),0,0,(10,11),(11,17),(17,18),(18,22),(21,22),(22,28),(28,27),(27,32),(32,26),(26,27),(27,33),(37,33),(27,21),(21,20),(20,19),(9,3),0,0,(16,19),(32,36),(40,41),(41,37),(37,36),(36,40),(40,39),(39,35),(35,34),(34,38),(38,39),(39,36),(36,35),(25,15),0
q 476

val4D   
Path scanning solution:
s 0,(1,2),(2,3),(3,4),(4,5),(5,6),(6,12),(12,11),(11,5),(4,10),(10,9),(9,3),(16,19),0,0,(1,7),(7,8),(8,2),(9,8),(7,13),(13,14),(15,10),0,0,(9,14),(14,15),(15,16),(16,11),(11,10),(15,25),(25,24),(24,23),0,0,(14,23),(23,13),(23,29),(29,30),(30,24),(24,14),(19,20),(20,17),0,0,(11,17),(17,16),(19,26),(26,25),(25,31),(31,30),(31,35),0,0,(17,18),(18,22),(22,21),(21,20),(20,27),(27,21),(27,26),(26,32),0,0,(29,34),(34,35),(35,36),(36,32),(32,27),(27,28),(33,37),(41,40),0,0,(27,33),(37,36),(36,39),(39,35),(34,38),(38,39),(39,40),0,0,(22,28),(32,31),(36,40),(41,37),0
q 710
Sim solution:
s 0,(3,4),(4,5),(5,11),(11,12),(12,6),(6,5),(4,10),0,0,(1,2),(9,8),(8,7),(7,13),(13,14),(14,9),0,0,(2,8),(9,10),(10,15),(15,14),(14,23),(23,24),(24,25),(25,15),0,0,(1,7),(13,23),(23,29),(29,30),(30,24),(24,14),(9,3),0,0,(15,16),(16,17),(32,31),(31,25),(25,26),(26,27),(27,20),(20,17),0,0,(10,11),(11,16),(16,19),(19,26),(26,32),(32,27),(21,22),(22,18),0,0,(29,34),(34,35),(35,36),(36,37),(33,27),(27,21),(21,20),(17,11),0,0,(37,41),(40,39),(39,35),(34,38),(38,39),(39,36),(36,32),(20,19),0,0,(2,3),(17,18),(22,28),(28,27),(33,37),(41,40),(40,36),(35,31),(31,30),0
q 568

val5A   
Path scanning solution:
s 0,(1,2),(2,3),(3,4),(4,5),(5,11),(11,4),(4,10),(10,3),(3,9),(9,8),(8,2),(2,13),(13,7),(7,1),(1,6),(6,7),(13,12),(12,6),(6,18),(18,12),(12,19),(19,13),(13,14),0,0,(18,19),(19,20),(20,14),(14,8),(14,15),(15,9),(9,10),(10,11),(11,17),(17,16),(16,10),(16,15),(15,21),(21,20),(20,26),(26,25),(25,19),(25,29),(29,18),(29,30),(30,25),(30,31),(31,26),(26,27),(22,23),0,0,(15,22),(22,21),(21,27),(27,28),(28,22),(23,16),(17,24),(24,11),(24,23),(23,28),(28,33),(33,32),(32,27),(32,31),(33,34),(34,24),(28,34),0
q 550
Sim solution:
s 0,(1,2),(2,3),(3,4),(4,5),(5,11),(11,4),(4,10),(10,3),(3,9),(9,8),(8,14),(8,2),(2,13),(13,12),(12,18),(18,19),(19,13),(13,7),(7,1),0,0,(1,6),(6,12),(12,19),(19,20),(20,14),(14,15),(15,9),(9,10),(10,11),(11,17),(17,16),(16,15),(15,21),(19,25),(25,29),(30,31),(31,26),(26,25),(25,30),(30,29),(29,18),(18,6),0,0,(6,7),(13,14),(15,22),(21,27),(27,26),(26,20),(20,21),(21,22),(28,34),(33,28),(28,27),(27,32),(32,31),(32,33),(33,34),(34,24),(24,11),(17,24),(24,23),(23,22),(22,28),(28,23),(23,16),(16,10),0
q 428

val5B   
Path scanning solution:
s 0,(1,2),(2,3),(3,4),(4,5),(5,11),(11,4),(4,10),(10,3),(3,9),(9,8),(8,2),(2,13),(13,7),(7,1),(1,6),(6,7),(13,12),(12,6),0,0,(6,18),(18,12),(12,19),(19,13),(13,14),(14,8),(14,15),(15,9),(9,10),(10,11),(11,17),(17,16),(16,10),(16,15),(15,21),(21,20),(20,14),(15,22),0,0,(18,19),(19,20),(20,26),(26,25),(25,19),(25,29),(29,18),(29,30),(30,25),(30,31),(31,26),(26,27),(27,21),(21,22),(22,23),(23,16),(23,28),0,0,(17,24),(24,11),(24,23),(22,28),(28,27),(27,32),(32,31),(32,33),(33,28),(28,34),(34,24),(34,33),0
q 559
Sim solution:
s 0,(1,2),(2,3),(3,4),(4,10),(10,11),(11,4),(4,5),(5,11),(11,17),(17,16),(16,10),(10,3),(3,9),(9,8),(8,14),(8,2),(2,13),(7,1),0,0,(6,12),(12,18),(18,19),(19,20),(20,14),(15,9),(9,10),(16,23),(23,28),(21,15),(15,14),(14,13),(13,7),(7,6),0,0,(1,6),(6,18),(18,29),(29,25),(25,30),(30,29),(30,31),(32,31),(31,26),(26,20),(20,21),(21,27),(27,26),(26,25),(25,19),(19,12),0,0,(12,13),(13,19),(21,22),(22,28),(28,33),(34,33),(33,32),(32,27),(27,28),(28,34),(34,24),(24,11),(17,24),(24,23),(23,22),(22,15),(15,16),0
q 450

val5C   
Path scanning solution:
s 0,(1,2),(2,3),(3,4),(4,5),(5,11),(11,4),(4,10),(10,3),(3,9),(9,8),(8,2),(2,13),(13,7),(7,1),0,0,(1,6),(6,7),(13,12),(12,6),(6,18),(18,12),(12,19),(19,13),(13,14),(14,8),(14,15),(15,9),(9,10),(10,11),(20,21),0,0,(18,19),(19,20),(20,14),(15,16),(16,10),(16,17),(17,11),(11,24),(24,17),(16,23),(23,22),(22,21),0,0,(18,29),(29,25),(25,19),(25,26),(26,20),(21,15),(15,22),(22,28),(28,23),(23,24),(24,34),(34,28),(34,33),0,0,(25,30),(30,29),(30,31),(31,26),(26,27),(27,21),(27,28),(28,33),(33,32),(32,27),(32,31),0
q 567
Sim solution:
s 0,(1,2),(3,4),(4,5),(5,11),(11,4),(4,10),(10,9),(9,8),(14,8),(8,2),(2,13),(13,7),(7,1),0,0,(1,6),(6,18),(18,12),(12,13),(14,15),(15,16),(16,10),(3,9),(9,15),(14,13),(13,19),(19,12),(12,6),0,0,(2,3),(3,10),(10,11),(11,24),(24,17),(11,17),(17,16),(16,23),(23,22),(22,21),(21,15),(7,6),0,0,(29,25),(25,26),(26,20),(20,14),(15,22),(22,28),(28,23),(23,24),(24,34),(28,33),(32,31),(30,25),(25,19),0,0,(18,29),(29,30),(30,31),(31,26),(26,27),(27,28),(28,34),(34,33),(33,32),(32,27),(27,21),(21,20),(20,19),(19,18),0
q 481

val5D   
Path scanning solution:
s 0,(1,2),(2,3),(3,4),(4,5),(5,11),(11,4),(4,10),(10,3),(20,21),0,0,(1,6),(6,7),(7,1),(6,12),(12,13),(13,2),(2,8),(22,23),0,0,(6,18),(18,12),(12,19),(19,13),(13,7),(13,14),(14,8),(8,9),0,0,(18,19),(19,20),(20,14),(14,15),(15,9),(9,3),(10,9),(10,16),(34,33),0,0,(18,29),(29,25),(25,19),(25,26),(26,20),(21,15),(15,16),0,0,(15,22),(22,21),(21,27),(27,26),(26,31),(31,30),(30,25),(23,28),0,0,(10,11),(11,17),(17,16),(16,23),(23,24),(24,11),0,0,(29,30),(31,32),(32,27),(27,28),(28,22),(28,33),(33,32),(34,24),0,0,(17,24),(28,34),0
q 806
Sim solution:
s 0,(1,2),(2,3),(10,4),(4,11),(11,17),(11,5),(5,4),(4,3),0,0,(2,8),(8,14),(14,13),(13,2),0,0,(6,12),(12,19),(25,19),(19,13),(13,7),(7,6),(6,1),0,0,(6,18),(18,19),(19,20),(20,21),(21,15),(15,9),(9,3),0,0,(12,13),(14,20),(20,26),(26,25),(25,29),(29,18),(18,12),0,0,(21,22),(23,28),(28,34),(34,33),(32,27),(27,21),(26,31),(31,30),(30,25),0,0,(10,16),(16,17),(17,24),(23,24),(24,11),(11,10),(10,3),0,0,(29,30),(31,32),(32,33),(33,28),(34,24),(22,28),(28,27),(27,26),0,0,(1,7),(15,22),(22,23),(23,16),(16,15),(15,14),(8,9),(9,10),0
q 627

val6A   
Path scanning solution:
s 0,(1,2),(2,3),(3,4),(4,9),(9,3),(2,8),(8,7),(7,1),(1,30),(30,29),(29,27),(27,24),(24,23),(23,25),(25,28),(28,26),(26,23),(26,27),(31,1),0,0,(31,5),(5,6),(6,7),(6,11),(11,10),(10,5),(31,6),(11,12),(12,8),(8,9),(9,13),(13,4),(13,12),(12,18),(18,19),(19,13),(19,20),0,0,(31,28),(28,29),(29,31),(10,14),(14,15),(15,16),(16,10),(16,17),(17,11),(18,21),(21,19),(19,22),(22,20),(22,21),0
q 281
Sim solution:
s 0,(1,2),(2,8),(8,7),(6,31),(29,27),(27,24),(24,23),(26,28),(28,25),(25,23),(23,26),(26,27),(29,30),(30,1),0,0,(3,9),(9,8),(8,12),(18,19),(19,13),(13,9),(9,4),(4,13),(13,12),(12,11),(11,6),(6,5),(5,10),(16,10),(10,11),(6,7),(7,1),0,0,(1,31),(31,28),(28,29),(29,31),(31,5),(10,14),(14,15),(15,16),(16,17),(17,11),(12,18),(18,21),(22,19),(19,20),(20,22),(22,21),(21,19),(4,3),(3,2),0
q 235

val6B   
Path scanning solution:
s 0,(1,2),(2,3),(3,4),(4,9),(9,3),(2,8),(8,7),(7,1),(1,30),(30,29),(29,27),(27,24),(27,26),0,0,(1,31),(31,5),(5,6),(6,7),(6,11),(11,10),(10,5),(31,6),(11,12),(12,8),(8,9),(9,13),(13,4),0,0,(31,28),(28,25),(25,23),(23,24),(23,26),(26,28),(28,29),(29,31),(10,14),(14,15),(15,16),(16,10),(16,17),(17,11),(12,13),0,0,(13,19),(19,18),(18,12),(18,21),(21,19),(19,20),(20,22),(22,19),(22,21),0
q 282
Sim solution:
s 0,(1,30),(30,29),(29,27),(27,26),(26,28),(28,31),(31,6),(7,8),(8,9),(3,9),(9,4),(4,3),(3,2),0,0,(1,7),(7,6),(6,5),(5,10),(10,11),(11,12),(12,8),(8,2),(2,1),0,0,(1,31),(31,29),(27,24),(24,23),(26,23),(23,25),(25,28),(28,29),(31,5),(16,10),(10,14),(14,15),(15,16),(16,17),(17,11),(11,6),0,0,(4,13),(13,12),(12,18),(18,21),(21,22),(19,21),(18,19),(19,22),(22,20),(20,19),(19,13),(13,9),0
q 233

val6C   
Path scanning solution:
s 0,(1,2),(2,3),(3,4),(4,9),(9,3),(9,13),0,0,(1,7),(7,6),(6,5),(5,10),(10,11),0,0,(1,30),(30,29),(29,27),(27,24),(24,23),(26,27),0,0,(1,31),(31,5),(31,6),(6,11),(11,12),(12,13),(10,14),0,0,(2,8),(8,7),(8,9),(13,4),0,0,(31,28),(28,25),(25,23),(23,26),(26,28),(29,31),0,0,(29,28),(10,16),(16,15),(15,14),(16,17),(18,19),0,0,(8,12),(12,18),(18,21),(21,19),(19,22),0,0,(11,17),(13,19),(19,20),(20,22),0,0,(22,21),0
q 424
Sim solution:
s 0,(2,3),(3,4),(4,9),0,0,(1,2),(2,8),(7,6),(6,5),(28,29),(29,31),0,0,(1,30),(30,29),(29,27),(27,24),(24,23),(26,27),0,0,(31,6),(11,10),(16,17),(17,11),(11,6),0,0,(1,7),(7,8),(8,9),0,0,(31,28),(28,26),(26,23),(23,25),(25,28),0,0,(1,31),(10,16),(16,15),(15,14),(14,10),(10,5),(5,31),0,0,(8,12),(18,21),(21,22),(22,19),(9,3),0,0,(11,12),(18,19),(19,20),(20,22),(13,9),0,0,(13,19),(19,21),(18,12),(12,13),(13,4),0
q 327

val7A   
Path scanning solution:
s 0,(1,2),(2,3),(3,4),(4,5),(5,39),(39,32),(32,31),(31,30),(30,29),(29,36),(36,2),(2,6),(6,1),(1,8),(8,9),(9,10),(10,1),(1,11),(11,12),(12,6),(6,7),(7,3),(3,37),(37,30),(37,38),0,0,(1,33),(33,26),(26,27),(27,28),(28,35),(35,1),(1,40),(40,8),(8,14),(14,15),(15,9),(10,16),(16,11),(16,15),(12,13),(13,7),(13,17),(17,12),(17,18),(18,13),(13,19),(22,21),(21,20),(22,25),0,0,(33,34),(34,26),(27,34),(34,35),(35,36),(36,37),(37,31),(31,38),(38,4),(38,39),(17,20),(20,23),(23,24),(24,21),(22,18),(18,19),(25,24),0
q 370
Sim solution:
s 0,(1,11),(1,2),(2,36),(36,29),(29,30),(30,37),(37,38),(38,4),(5,39),(39,38),(38,31),(31,32),(32,39),(5,4),(4,3),(3,7),(7,6),(6,1),(1,10),(10,9),(9,8),(8,1),0,0,(33,26),(26,27),(27,28),(28,35),(35,1),(1,40),(40,8),(8,14),(14,15),(16,10),(9,15),(15,16),(16,11),(11,12),(12,13),(13,18),(18,22),(22,21),(21,24),(18,17),(17,13),0,0,(1,33),(33,34),(34,26),(27,34),(34,35),(35,36),(36,37),(30,31),(31,37),(37,3),(3,2),(2,6),(7,13),(13,19),(19,18),(22,25),(25,24),(24,23),(23,20),(21,20),(20,17),(17,12),(12,6),0
q 305

val7B   
Path scanning solution:
s 0,(1,2),(2,3),(3,4),(4,5),(5,39),(39,32),(32,31),(31,30),(30,29),(29,36),(36,2),(2,6),(6,1),(1,8),(8,9),(9,10),(10,1),0,0,(1,11),(11,12),(12,6),(6,7),(7,3),(3,37),(37,30),(31,37),(37,36),(36,35),(35,1),(1,33),(33,26),(26,27),(27,28),(28,35),0,0,(1,40),(40,8),(8,14),(14,15),(15,9),(10,16),(16,11),(16,15),(12,13),(13,7),(13,17),(17,12),(17,18),(18,13),(13,19),(19,18),(18,22),(22,25),0,0,(33,34),(34,26),(27,34),(34,35),(37,38),(38,4),(38,31),(38,39),(17,20),(20,21),(21,22),(21,24),(24,23),(23,20),(25,24),0
q 357
Sim solution:
s 0,(1,8),(8,9),(10,16),(15,9),(9,10),(10,1),(6,7),(3,4),(4,5),(5,39),(39,32),(32,31),(31,30),(37,30),(30,29),(29,36),(36,2),0,0,(11,1),(1,35),(35,34),(34,26),(26,27),(34,27),(27,28),(28,35),(35,36),(36,37),(37,3),(3,2),(2,1),0,0,(1,40),(40,8),(8,14),(14,15),(15,16),(16,11),(11,12),(12,13),(13,19),(19,18),(18,17),(17,12),(12,6),(6,1),0,0,(1,33),(33,26),(34,33),(2,6),(13,17),(17,20),(21,22),(22,25),(24,21),(21,20),(20,23),(23,24),(24,25),(22,18),(18,13),(13,7),(7,3),(39,38),(38,31),(31,37),(37,38),(38,4),0
q 307

val7C   
Path scanning solution:
s 0,(1,2),(2,3),(3,4),(4,5),(5,39),(39,32),(32,31),(31,30),(30,37),0,0,(1,6),(6,2),(2,36),(36,29),(29,30),(37,3),(3,7),(7,6),0,0,(1,8),(8,9),(9,10),(10,1),(1,11),(11,12),(12,6),0,0,(1,33),(33,26),(26,27),(27,28),(28,35),(35,34),0,0,(1,35),(35,36),(36,37),(37,31),(31,38),(38,4),(38,37),0,0,(1,40),(40,8),(8,14),(14,15),(15,9),(10,16),(16,11),(7,13),0,0,(33,34),(34,26),(27,34),(12,13),(13,17),(17,12),(17,18),0,0,(16,15),(13,18),(18,19),(19,13),(17,20),(20,21),(21,22),(22,25),0,0,(18,22),(21,24),(24,23),(23,20),(25,24),(38,39),0
q 430
Sim solution:
s 0,(2,3),(3,4),(4,5),(5,39),(39,32),(32,31),(31,30),(30,37),0,0,(1,2),(2,36),(36,29),(29,30),(31,38),(38,4),(3,7),(6,2),0,0,(1,8),(8,9),(9,10),(10,16),(16,15),(15,9),(10,1),0,0,(35,28),(28,27),(27,26),(26,33),(33,1),0,0,(1,35),(35,36),(36,37),(37,38),(38,39),(31,37),(37,3),0,0,(1,11),(11,16),(15,14),(14,8),(8,40),(40,1),0,0,(35,34),(34,27),(26,34),(34,33),(11,12),(12,17),(17,13),0,0,(1,6),(12,13),(13,19),(19,18),(22,21),(21,20),(20,17),(12,6),0,0,(17,18),(22,25),(24,23),(23,20),(21,24),(24,25),(22,18),(18,13),(13,7),(7,6),0
q 355

val8A   
Path scanning solution:
s 0,(1,2),(2,3),(3,10),(10,9),(9,1),(1,5),(5,4),(4,6),(6,7),(7,4),(7,8),(8,1),(5,8),(8,9),(9,2),(9,15),(15,8),(8,13),(13,12),(12,7),(25,30),0,0,(8,14),(14,13),(13,16),(16,11),(11,6),(11,12),(12,16),(16,17),(17,13),(14,15),(15,10),(10,19),(19,15),(15,18),(18,17),(17,14),(17,22),(22,21),(21,16),(16,20),(20,11),0,0,(18,19),(18,23),(23,22),(22,25),(25,29),(29,21),(21,20),(20,24),(24,21),(21,28),(28,24),(24,27),(27,20),(28,27),(28,29),(29,22),(30,23),(23,26),(26,18),(30,26),(30,29),0
q 508
Sim solution:
s 0,(5,8),(13,17),(17,18),(18,19),(18,15),(15,8),(8,7),(7,6),(6,4),(4,7),(7,12),(12,13),(13,8),(8,9),(15,19),(19,10),(10,3),(3,2),(2,1),0,0,(1,9),(9,10),(10,15),(15,14),(14,13),(13,16),(16,12),(12,11),(11,16),(16,21),(21,22),(22,23),(23,18),(17,16),(16,20),(20,11),(11,6),(4,5),(5,1),0,0,(1,8),(8,14),(14,17),(17,22),(22,29),(29,30),(30,23),(23,26),(25,29),(29,21),(21,24),(24,27),(27,28),(28,24),(24,20),(27,20),(20,21),(21,28),(28,29),(22,25),(25,30),(30,26),(26,18),(15,9),(9,2),0
q 389

val8B   
Path scanning solution:
s 0,(1,2),(2,3),(3,10),(10,9),(9,1),(1,5),(5,4),(4,6),(6,7),(7,4),(7,8),(8,1),(5,8),(8,9),(9,2),(23,30),0,0,(8,13),(13,12),(12,7),(6,11),(11,12),(12,16),(16,11),(11,20),(20,16),(16,13),(13,14),(14,8),(8,15),(15,9),(10,15),(18,19),0,0,(10,19),(19,15),(15,14),(14,17),(17,13),(17,16),(16,21),(21,20),(20,24),(24,21),(21,22),(22,17),(17,18),(18,15),(18,23),(23,22),(22,25),0,0,(18,26),(26,23),(30,25),(25,29),(29,21),(21,28),(28,24),(24,27),(27,20),(28,27),(28,29),(29,22),(30,26),(30,29),0
q 523
Sim solution:
s 0,(2,3),(3,10),(10,15),(15,8),(8,5),(5,4),(4,6),(4,7),(7,8),(8,9),(9,1),0,0,(1,8),(8,13),(17,16),(16,20),(20,11),(11,16),(16,12),(12,7),(7,6),(6,11),(11,12),(12,13),(13,17),(17,14),(14,15),(15,9),0,0,(1,5),(8,14),(14,13),(13,16),(16,21),(21,20),(27,20),(20,24),(24,21),(21,22),(22,23),(23,30),(25,22),(22,17),(17,18),(19,10),(10,9),(9,2),0,0,(1,2),(15,19),(19,18),(18,26),(26,30),(30,29),(22,29),(29,21),(21,28),(28,27),(27,24),(24,28),(28,29),(29,25),(25,30),(26,23),(23,18),(18,15),0
q 417

val8C   
Path scanning solution:
s 0,(1,2),(2,3),(3,10),(10,9),(9,1),(1,5),(4,7),0,0,(1,8),(8,5),(5,4),(4,6),(6,7),(7,8),(8,13),0,0,(2,9),(9,8),(8,14),(14,13),(13,12),(12,7),0,0,(8,15),(15,9),(10,15),(15,14),(14,17),(17,13),(25,30),0,0,(6,11),(11,12),(12,16),(16,11),(11,20),(20,16),(16,21),0,0,(10,19),(19,15),(15,18),(18,17),(17,16),(16,13),0,0,(18,19),(18,23),(23,22),(22,17),(18,26),(26,23),(23,30),(30,26),0,0,(30,29),(29,21),(21,20),(20,24),(24,21),(21,22),(22,25),(25,29),0,0,(22,29),(29,28),(28,21),(24,27),(27,20),(24,28),(28,27),0
q 647
Sim solution:
s 0,(1,2),(2,3),(3,10),(10,9),(9,1),0,0,(1,8),(8,5),(5,4),(4,6),(6,7),(7,8),(13,8),0,0,(2,9),(9,8),(8,14),(14,13),(13,12),(12,7),0,0,(8,15),(15,10),(9,15),(15,14),(14,17),(17,13),(7,4),0,0,(6,11),(11,20),(20,24),(21,16),(16,11),(11,12),(12,16),0,0,(10,19),(19,15),(15,18),(18,17),(17,16),(16,13),0,0,(1,5),(17,22),(25,22),(22,23),(23,26),(30,26),(26,18),(18,19),0,0,(18,23),(23,30),(30,29),(29,21),(21,24),(27,20),(20,21),(21,22),0,0,(16,20),(21,28),(28,24),(24,27),(27,28),(28,29),(22,29),(29,25),(25,30),0
q 601

val9A   
Path scanning solution:
s 0,(1,5),(5,2),(2,3),(3,4),(4,7),(7,6),(6,3),(5,6),(6,11),(11,10),(10,1),(1,9),(9,8),(8,13),(13,9),(9,14),(14,15),(15,1),(1,16),(16,15),(15,23),(23,14),(14,22),(22,13),(13,21),(21,20),(20,25),(25,26),(26,21),(21,22),(22,23),(23,24),(24,15),(23,28),(28,22),0,0,(5,10),(10,17),(17,16),(17,18),(18,11),(11,12),(12,7),(12,19),(19,18),(17,24),(24,29),(29,23),(24,30),(30,17),(17,31),(31,32),(32,19),(31,39),(39,30),(30,29),(29,28),(28,27),(27,26),(26,34),(34,33),(33,25),(33,41),(41,42),(42,34),(34,35),(35,27),(28,36),(36,35),(36,38),(38,30),0,0,(29,37),(37,38),(38,39),(39,40),(40,32),(40,47),(47,39),(38,46),(46,45),(45,44),(44,36),(35,43),(43,42),(43,44),(44,37),(45,48),(48,43),(45,49),(49,48),(49,50),(50,45),(46,50),0
q 372
Sim solution:
s 0,(1,5),(2,3),(3,4),(4,7),(7,12),(7,6),(6,3),(2,5),(5,10),(10,11),(11,6),(6,5),(1,16),(16,15),(15,14),(14,9),(9,8),(8,13),(13,21),(21,20),(20,25),(25,26),(26,21),(21,22),(22,23),(23,28),(28,22),(22,14),(22,13),(13,9),(9,1),0,0,(1,10),(10,17),(17,18),(18,11),(11,12),(12,19),(19,18),(19,32),(32,31),(16,17),(17,31),(31,39),(39,30),(30,17),(17,24),(29,30),(30,38),(38,36),(36,28),(27,26),(26,34),(34,33),(25,33),(33,41),(41,42),(42,34),(34,35),(35,27),(27,28),(28,29),(29,23),(23,15),0,0,(1,15),(15,24),(24,30),(39,40),(40,32),(40,47),(47,39),(39,38),(38,37),(37,44),(44,36),(36,35),(35,43),(43,48),(48,49),(50,49),(49,45),(45,46),(45,48),(42,43),(43,44),(44,45),(45,50),(50,46),(46,38),(37,29),(29,24),(24,23),(23,14),0
q 330

val9B   
Path scanning solution:
s 0,(1,5),(5,2),(2,3),(3,4),(4,7),(7,6),(6,3),(5,6),(6,11),(11,10),(10,1),(1,9),(9,8),(8,13),(13,9),(9,14),(14,15),(15,1),(1,16),(16,15),(15,23),(23,14),(14,22),(22,21),0,0,(5,10),(10,17),(17,16),(17,18),(18,11),(11,12),(12,7),(12,19),(19,18),(17,24),(24,15),(23,22),(22,13),(13,21),(21,20),(20,25),(25,26),(26,21),(22,28),(28,23),(23,24),(24,29),(29,23),(24,30),(30,17),(17,31),(32,40),0,0,(28,27),(27,26),(26,34),(34,33),(33,25),(33,41),(41,42),(42,34),(34,35),(35,27),(28,29),(29,30),(30,38),(38,36),(36,28),(35,36),(36,44),(44,37),(37,29),(30,39),(39,31),(31,32),(32,19),(40,39),(39,38),(38,37),(45,46),0,0,(35,43),(43,42),(43,44),(44,45),(45,48),(48,43),(45,49),(49,48),(49,50),(50,45),(46,38),(39,47),(47,40),(46,50),0
q 417
Sim solution:
s 0,(16,15),(15,14),(14,9),(9,13),(13,8),(8,9),(9,1),(1,5),(2,5),(5,6),(6,3),(2,3),(3,4),(4,7),(7,12),(7,6),(6,11),(11,10),(10,1),0,0,(5,10),(10,17),(17,24),(29,23),(23,14),(14,22),(22,21),(21,26),(26,25),(25,20),(20,21),(21,13),(13,22),(22,23),(23,24),(24,30),(30,17),(31,17),(19,12),(12,11),(11,18),(18,17),(17,16),(16,1),0,0,(1,15),(15,23),(23,28),(28,36),(36,38),(38,37),(38,39),(39,31),(31,32),(32,40),(40,39),(39,30),(30,29),(29,37),(37,44),(44,36),(36,35),(35,34),(34,42),(43,42),(42,41),(41,33),(25,33),(33,34),(34,26),(26,27),(28,29),(29,24),(24,15),0,0,(22,28),(28,27),(27,35),(35,43),(43,48),(43,44),(44,45),(45,49),(49,50),(49,48),(48,45),(46,45),(45,50),(50,46),(46,38),(38,30),(39,47),(47,40),(32,19),(19,18),0
q 340

val9C   
Path scanning solution:
s 0,(1,5),(5,2),(2,3),(3,4),(4,7),(7,6),(6,3),(5,6),(6,11),(11,10),(10,1),(1,9),(9,8),(8,13),(13,9),(9,14),(14,15),(15,1),(5,10),(17,18),0,0,(1,16),(16,15),(15,23),(23,14),(14,22),(22,13),(13,21),(21,20),(20,25),(25,26),(26,21),(21,22),(22,23),(23,24),(24,15),(23,28),(28,22),(26,27),(27,28),(28,29),(29,23),(24,17),(17,16),0,0,(10,17),(17,30),(30,24),(24,29),(29,30),(30,38),(38,36),(36,28),(27,35),(35,34),(34,26),(25,33),(33,34),(34,42),(42,41),(41,33),(35,36),(36,44),(44,37),(37,29),(30,39),(18,19),0,0,(11,12),(12,7),(12,19),(19,32),(32,31),(31,17),(18,11),(31,39),(39,38),(38,37),(38,46),(46,45),(45,44),(44,43),(43,35),(42,43),(46,50),0,0,(39,40),(40,32),(40,47),(47,39),(45,48),(48,43),(45,49),(49,48),(49,50),(50,45),0
q 433
Sim solution:
s 0,(1,5),(5,2),(3,6),(6,7),(12,7),(7,4),(4,3),(3,2),(5,10),(10,1),(1,15),(15,14),(14,9),(9,13),(13,8),(8,9),0,0,(1,16),(16,15),(15,23),(23,22),(22,21),(21,20),(20,25),(25,26),(26,21),(21,13),(13,22),(22,28),(28,29),(29,23),(23,24),(24,17),(17,31),(17,16),0,0,(10,17),(17,30),(30,38),(38,36),(36,44),(44,43),(43,35),(34,42),(42,41),(41,33),(33,25),(33,34),(34,26),(26,27),(35,36),(36,28),(28,23),(23,14),0,0,(5,6),(6,11),(11,12),(12,19),(18,19),(19,32),(40,32),(32,31),(31,39),(39,38),(38,46),(46,50),(50,49),(48,43),(43,42),(34,35),(35,27),(27,28),(22,14),(9,1),0,0,(10,11),(11,18),(18,17),(24,30),(29,30),(30,39),(39,40),(40,47),(47,39),(38,37),(37,44),(45,49),(49,48),(48,45),(45,50),(46,45),(45,44),(37,29),(29,24),(24,15),0
q 349

val9D   
Path scanning solution:
s 0,(1,5),(5,2),(2,3),(3,4),(4,7),(7,6),(6,3),(5,6),(6,11),(11,10),(10,5),(18,19),0,0,(1,9),(9,8),(8,13),(13,9),(9,14),(14,15),(15,1),(1,10),0,0,(1,16),(16,15),(15,23),(23,14),(14,22),(22,13),(13,21),(21,20),(20,25),(25,26),(26,21),0,0,(10,17),(17,16),(17,18),(18,11),(11,12),(12,7),(12,19),(19,32),(32,40),0,0,(15,24),(24,17),(17,30),(30,24),(24,23),(23,22),(22,21),(22,28),(28,23),(23,29),(38,36),0,0,(24,29),(29,28),(28,27),(27,26),(26,34),(34,33),(33,25),(33,41),(41,42),(42,34),(34,35),(35,36),0,0,(17,31),(31,32),(31,39),(39,30),(30,29),(29,37),(37,38),(38,30),(39,38),(36,28),0,0,(27,35),(35,43),(43,42),(43,44),(44,36),(38,46),(46,45),(45,44),0,0,(37,44),(45,48),(48,43),(45,49),(49,48),(49,50),(50,45),(46,50),0,0,(39,40),(40,47),(47,39),0
q 483
Sim solution:
s 0,(1,5),(2,3),(3,4),(4,7),(7,6),(6,3),(2,5),(5,10),(10,11),(11,6),(6,5),0,0,(1,9),(9,13),(13,8),(8,9),0,0,(1,16),(16,15),(23,14),(14,22),(22,13),(13,21),(21,26),(26,25),(25,20),(20,21),(21,22),0,0,(31,32),(32,19),(18,19),(19,12),(7,12),(12,11),(11,18),(18,17),(17,16),0,0,(9,14),(14,15),(24,29),(29,30),(30,17),(17,24),(24,23),(23,22),(22,28),(28,23),0,0,(15,24),(29,28),(27,26),(26,34),(34,33),(33,25),(33,41),(41,42),(42,34),(34,35),(15,1),0,0,(17,31),(31,39),(39,38),(38,37),(37,44),(44,36),(35,36),(38,36),(36,28),0,0,(15,23),(28,27),(27,35),(35,43),(42,43),(43,44),(44,45),(50,46),(46,38),(38,30),(29,23),0,0,(29,37),(43,48),(49,50),(50,45),(45,48),(48,49),(49,45),(45,46),0,0,(1,10),(10,17),(30,39),(39,40),(32,40),(40,47),(47,39),(30,24),0
q 423

egl-e1-A
Path scanning solution:
s 0,(1,2),(2,3),(2,4),(4,5),(9,10),(11,12),(12,16),(16,13),(13,14),(15,17),(15,18),(20,76),(50,49),(50,52),(51,21),0,0,(4,69),(69,58),(58,57),(57,42),(43,44),(44,45),(44,46),0,0,(69,59),(59,58),(58,60),(60,61),(60,62),(62,63),(63,65),(62,66),(66,68),(56,55),(41,35),(32,33),(51,49),0,0,(59,11),(20,19),(19,18),(19,21),(21,22),(22,75),(75,23),(23,31),(52,54),(49,47),0,0,(59,44),(46,47),(47,48),(31,32),(32,34),(32,35),0
q 4201
Sim solution:
s 0,(4,5),(9,10),(11,12),(12,16),(16,13),(13,14),(17,15),(15,18),(18,19),(49,47),(48,47),(45,44),0,0,(4,69),(44,43),(42,57),(57,58),(58,59),(4,2),(2,3),0,0,(1,2),(69,58),(58,60),(65,63),(63,62),(66,68),(66,62),(62,60),(61,60),0,0,(59,11),(76,20),(20,19),(19,21),(75,22),(22,21),(21,51),(54,52),(52,50),(50,49),(47,46),(46,44),(44,59),(59,69),0,0,(55,56),(41,35),(35,32),(33,32),(34,32),(32,31),(31,23),(23,75),(51,49),0
q 3552

egl-e1-B
Path scanning solution:
s 0,(1,2),(2,3),(2,4),(4,5),(9,10),(11,12),(12,16),(16,13),(13,14),0,0,(4,69),(69,58),(58,57),(57,42),(41,35),(56,55),0,0,(69,59),(59,58),(58,60),(60,61),(60,62),(62,63),(63,65),(62,66),(44,45),(47,48),0,0,(59,11),(76,20),(20,19),(19,18),(18,15),(50,49),(49,47),(50,52),(52,54),0,0,(59,44),(44,43),(35,32),(23,75),(21,51),0,0,(44,46),(46,47),(49,51),(21,19),(21,22),(22,75),(23,31),(32,33),0,0,(66,68),(32,31),(32,34),(15,17),0
q 5717
Sim solution:
s 0,(2,4),(4,5),(9,10),(11,59),(3,2),0,0,(69,58),(58,57),(58,59),(69,4),0,0,(58,60),(60,61),(60,62),(66,68),(66,62),(62,63),(65,63),0,0,(11,12),(12,16),(16,13),(13,14),(15,17),(15,18),(18,19),(52,54),(52,50),(49,47),(46,44),0,0,(57,42),(33,32),(32,35),(43,44),(59,69),0,0,(1,2),(49,51),(51,21),(22,75),(22,21),(21,19),(50,49),(47,48),(47,46),(45,44),(44,59),0,0,(76,20),(20,19),(75,23),(23,31),(31,32),(32,34),(35,41),(55,56),0
q 4671

egl-e1-C
Path scanning solution:
s 0,(1,2),(2,3),(2,4),(4,5),(9,10),(76,20),(16,13),0,0,(4,69),(69,58),(58,59),(59,69),(44,45),(50,52),(51,21),0,0,(59,11),(11,12),(12,16),(13,14),(50,49),(52,54),0,0,(59,44),(44,43),(42,57),(41,35),(56,55),(62,66),0,0,(58,57),(58,60),(60,61),(47,48),0,0,(44,46),(46,47),(47,49),(49,51),(21,19),(19,18),0,0,(60,62),(62,63),(63,65),(66,68),(21,22),(22,75),0,0,(20,19),(18,15),(15,17),(75,23),(23,31),0,0,(35,32),(32,31),0,0,(32,33),(32,34),0
q 7331
Sim solution:
s 0,(1,2),(3,2),(4,5),0,0,(58,69),(69,4),(4,2),0,0,(59,11),(11,12),(12,16),(10,9),0,0,(58,60),(56,55),(43,44),(44,46),(45,44),(59,69),0,0,(61,60),(35,41),(42,57),(57,58),0,0,(46,47),(48,47),(47,49),(49,51),(21,19),(19,18),(20,76),0,0,(59,58),(63,65),(63,62),(66,68),(66,62),(62,60),0,0,(16,13),(13,14),(15,17),(15,18),(20,19),(21,22),(75,22),0,0,(51,21),(75,23),(23,31),(32,34),(32,31),0,0,(59,44),(35,32),(32,33),(52,54),(52,50),(50,49),0
q 6020

egl-e2-7
Path scanning solution:
s 0,(1,2),(2,3),(2,4),(4,5),(5,7),(7,8),(8,9),(9,10),(11,12),(12,16),(16,13),(13,14),(76,20),(50,52),0,0,(4,69),(69,58),(58,57),(57,42),(43,44),(51,21),0,0,(69,59),(59,58),(58,60),(60,61),(60,62),(62,63),(63,64),(63,65),(62,66),(66,68),(56,55),(41,35),(51,53),0,0,(59,11),(20,19),(19,18),(18,15),(15,17),(19,21),(21,22),(22,24),(53,52),0,0,(59,44),(44,45),(44,46),(46,47),(47,48),(47,49),(49,50),(50,19),(52,54),(53,24),(24,25),(25,75),(75,22),(51,49),(75,23),(23,26),0,0,(18,72),(72,73),(73,71),(73,74),(25,26),(26,27),(26,28),(29,25),(23,31),(32,33),0,0,(35,32),(32,31),(32,34),(33,36),0
q 6345
Sim solution:
s 0,(47,48),(47,49),(49,51),(21,19),(19,20),(20,76),(12,11),(10,9),(9,8),(8,7),(5,4),0,0,(4,69),(44,43),(42,57),(57,58),(4,2),(3,2),0,0,(59,58),(61,60),(64,63),(63,65),(63,62),(68,66),(66,62),(62,60),(60,58),(58,69),0,0,(59,11),(12,16),(16,13),(13,14),(15,17),(15,18),(18,19),(19,50),0,0,(49,50),(50,52),(52,53),(53,24),(24,25),(25,26),(26,23),(31,23),(23,75),(75,22),(22,21),(47,46),(44,59),(59,69),0,0,(1,2),(5,7),(18,72),(72,73),(74,73),(73,71),(54,52),(53,51),(22,24),(25,29),(28,26),(27,26),(25,75),(21,51),(46,44),0,0,(56,55),(41,35),(35,32),(32,33),(36,33),(32,34),(32,31),(45,44),0
q 5245

egl-e2-B
Path scanning solution:
s 0,(1,2),(2,3),(2,4),(4,5),(5,7),(7,8),(8,9),(9,10),(76,20),(50,52),0,0,(4,69),(69,58),(58,57),(57,42),0,0,(69,59),(59,58),(58,60),(60,61),(60,62),(62,63),(63,64),(63,65),(56,55),(51,21),0,0,(59,11),(11,12),(12,16),(16,13),(13,14),(15,17),(50,49),(51,53),0,0,(59,44),(44,43),(41,35),(32,31),(23,26),(24,22),(53,52),0,0,(44,45),(44,46),(46,47),(47,48),(47,49),(49,51),(21,19),(19,18),(20,19),0,0,(62,66),(66,68),(35,32),(32,33),(23,75),(52,54),0,0,(50,19),(53,24),(24,25),(25,75),(75,22),(22,21),(25,26),(26,27),(26,28),(72,73),(73,71),0,0,(18,15),(18,72),(73,74),(25,29),0,0,(23,31),(32,34),(33,36),0
q 8221
Sim solution:
s 0,(1,2),(3,2),(4,5),(7,8),(4,2),0,0,(4,69),(69,58),(58,57),0,0,(63,65),(63,64),(63,62),(62,60),(60,61),(60,58),(58,59),0,0,(15,17),(14,13),(13,16),(16,12),(12,11),(11,59),(59,69),0,0,(44,43),(41,35),(32,31),(23,75),(51,53),(52,54),(52,50),(50,49),(46,44),0,0,(46,47),(47,49),(21,19),(50,19),(19,20),(10,9),(9,8),(7,5),0,0,(57,42),(35,32),(32,33),(56,55),(68,66),(66,62),0,0,(76,20),(72,73),(74,73),(73,71),(52,53),(53,24),(24,25),(26,28),(29,25),(25,75),(75,22),(51,49),0,0,(15,18),(72,18),(18,19),(44,59),0,0,(36,33),(34,32),(31,23),(23,26),(27,26),(26,25),(24,22),(22,21),(21,51),(47,48),(45,44),0
q 7141

egl-e2-C
Path scanning solution:
s 0,(1,2),(2,3),(2,4),(4,5),(5,7),(76,20),(13,14),0,0,(4,69),(69,58),(58,59),(49,50),0,0,(7,8),(8,9),(9,10),(11,12),(12,16),(16,13),(50,52),0,0,(69,59),(59,11),(20,19),(52,53),(53,51),(51,49),0,0,(59,44),(44,43),(42,57),(41,35),(52,54),0,0,(58,57),(56,55),(60,58),(60,62),0,0,(44,45),(44,46),(46,47),(47,48),(47,49),(50,19),(53,24),(24,22),(21,51),0,0,(60,61),(62,63),(63,64),(63,65),(62,66),(21,22),(72,73),0,0,(66,68),(35,32),(73,71),0,0,(21,19),(19,18),(18,15),(75,25),0,0,(22,75),(75,23),(23,26),(26,25),(25,24),(25,29),(26,27),0,0,(18,72),(73,74),(26,28),0,0,(15,17),(23,31),(31,32),0,0,(32,33),(33,36),(32,34),0
q 11103
Sim solution:
s 0,(17,15),(14,13),(13,16),(16,12),(12,11),(9,8),(7,5),0,0,(4,69),(69,58),(58,59),0,0,(1,2),(4,5),(7,8),0,0,(50,19),(19,20),(11,59),0,0,(69,59),(43,44),(44,59),(4,2),0,0,(58,57),(62,60),(61,60),0,0,(44,46),(46,47),(47,49),(49,50),(50,52),(52,54),(52,53),(53,24),(24,22),(22,21),(51,49),(48,47),0,0,(68,66),(66,62),(62,63),(63,64),(63,65),(2,3),0,0,(22,75),(32,35),(35,41),(42,57),0,0,(9,10),(71,73),(74,73),(73,72),(18,19),(19,21),0,0,(44,45),(51,53),(24,25),(25,29),(28,26),(27,26),(26,23),(23,75),(21,51),0,0,(15,18),(72,18),(20,76),0,0,(75,25),(25,26),(23,31),(31,32),0,0,(34,32),(32,33),(36,33),(55,56),(60,58),0
q 8806

egl-e3-A
Path scanning solution:
s 0,(1,2),(2,3),(2,4),(4,5),(5,6),(5,7),(7,8),(8,9),(9,10),(11,12),(12,16),(16,13),(13,14),(50,52),0,0,(4,69),(69,58),(58,57),(57,42),(43,44),(51,21),0,0,(69,59),(59,58),(58,60),(60,61),(60,62),(62,63),(63,64),(63,65),(62,66),(66,68),(56,55),(41,35),(35,39),0,0,(59,11),(76,20),(20,19),(19,18),(18,15),(15,17),(15,77),(77,13),(18,20),(50,49),0,0,(59,44),(44,45),(45,46),(46,44),(46,47),(47,48),(47,49),(49,51),(51,53),(53,52),(52,54),(50,19),(19,21),(21,22),(22,75),(75,25),(26,23),(22,24),0,0,(76,77),(18,72),(72,71),(71,70),(71,73),(73,72),(73,74),(53,24),(24,25),(39,40),0,0,(75,23),(23,31),(31,30),(31,32),(32,33),(33,36),(33,37),(37,38),0,0,(25,26),(26,27),(26,28),(28,29),(29,25),(32,34),(32,35),(39,37),0
q 7031
Sim solution:
s 0,(1,2),(4,5),(6,5),(7,8),(76,77),(77,13),(13,14),(13,16),(16,12),(12,11),(9,8),0,0,(4,69),(69,58),(58,57),(35,41),(43,44),0,0,(59,58),(57,42),(55,56),(68,66),(66,62),(62,63),(63,64),(63,65),(62,60),(61,60),(60,58),(4,2),0,0,(59,11),(76,20),(20,19),(19,18),(18,15),(17,15),(15,77),(10,9),(3,2),0,0,(46,47),(47,49),(49,50),(50,52),(52,54),(53,51),(22,24),(24,25),(25,75),(75,22),(22,21),(21,19),(19,50),(46,45),(45,44),(44,59),0,0,(5,7),(20,18),(72,73),(74,73),(73,71),(70,71),(71,72),(72,18),(52,53),(53,24),(21,51),(47,48),(46,44),(59,69),0,0,(75,23),(23,31),(31,30),(31,32),(32,33),(36,33),(33,37),(39,40),0,0,(49,51),(25,26),(26,28),(28,29),(29,25),(26,27),(26,23),(32,34),(32,35),(35,39),(38,37),(37,39),0
q 6293

egl-e3-B
Path scanning solution:
s 0,(1,2),(2,3),(2,4),(4,5),(5,6),(5,7),(7,8),(8,9),(76,20),(50,52),(51,21),0,0,(4,69),(69,58),(58,57),(40,39),0,0,(69,59),(59,58),(58,60),(60,61),(60,62),(62,63),(63,64),(62,66),(51,53),0,0,(59,11),(11,12),(12,16),(16,13),(13,14),(13,77),(77,15),(52,53),0,0,(59,44),(44,43),(42,57),(41,35),(35,39),(39,37),(37,38),(56,55),(44,45),0,0,(9,10),(76,77),(15,17),(15,18),(18,19),(19,50),0,0,(44,46),(46,45),(46,47),(47,48),(47,49),(49,50),(52,54),(53,24),(24,22),(22,21),(21,19),(49,51),(72,71),0,0,(66,68),(63,65),(35,32),(32,33),(72,73),0,0,(20,19),(20,18),(18,72),(73,71),(73,74),(23,26),0,0,(22,75),(75,25),(25,24),(25,26),(26,27),(26,28),(28,29),(29,25),(75,23),0,0,(23,31),(31,30),(31,32),(32,34),(33,36),0,0,(37,33),(71,70),0
q 10330
Sim solution:
s 0,(1,2),(6,5),(5,4),(4,2),(3,2),0,0,(69,58),(44,43),(57,58),0,0,(62,63),(65,63),(64,63),(62,66),(66,68),(61,60),(58,59),0,0,(69,59),(59,11),(16,13),(13,77),(77,15),(17,15),(14,13),(16,12),0,0,(57,42),(41,35),(35,39),(37,33),(33,36),(37,39),(44,59),0,0,(44,45),(45,46),(19,18),(18,15),(77,76),(12,11),(10,9),0,0,(47,49),(50,19),(19,21),(21,22),(22,24),(24,53),(53,52),(54,52),(52,50),(50,49),(47,46),(46,44),0,0,(37,38),(33,32),(32,35),(56,55),(62,60),(60,58),0,0,(76,20),(20,19),(72,71),(71,70),(71,73),(74,73),(73,72),(9,8),(8,7),(7,5),0,0,(48,47),(22,75),(75,23),(23,26),(27,26),(26,25),(26,28),(28,29),(29,25),(25,24),(53,51),0,0,(49,51),(51,21),(25,75),(23,31),(30,31),(31,32),(32,34),(39,40),0,0,(4,69),(20,18),(72,18),0
q 8330

egl-e3-C
Path scanning solution:
s 0,(1,2),(2,3),(2,4),(4,5),(5,6),(5,7),(50,52),0,0,(4,69),(69,58),(58,59),(51,21),0,0,(7,8),(8,9),(9,10),(11,12),(12,16),(13,14),0,0,(69,59),(59,11),(76,20),(20,19),(52,53),0,0,(59,44),(44,43),(42,57),(41,35),0,0,(58,57),(56,55),(40,39),(39,37),(37,38),(39,35),(63,64),0,0,(58,60),(60,61),(60,62),(62,63),(47,48),0,0,(44,45),(45,46),(46,44),(46,47),(47,49),(49,50),(50,19),(52,54),(53,51),(51,49),0,0,(62,66),(66,68),(63,65),(21,19),(22,24),(72,71),(71,73),0,0,(76,77),(77,13),(13,16),(77,15),(15,17),(18,20),(72,73),0,0,(21,22),(22,75),(75,25),(25,24),(24,53),(75,23),0,0,(18,15),(18,19),(25,26),(26,23),(26,27),0,0,(18,72),(73,74),(26,28),0,0,(25,29),(29,28),(23,31),(31,30),(32,33),0,0,(35,32),(32,34),0,0,(37,33),(33,36),0,0,(31,32),(71,70),0
q 13241
Sim solution:
s 0,(1,2),(4,5),(4,2),0,0,(4,69),(44,45),(45,46),(46,47),0,0,(5,7),(9,10),(12,11),(9,8),(8,7),(6,5),0,0,(59,11),(20,19),(18,20),0,0,(59,44),(44,43),(39,37),(37,38),0,0,(69,58),(42,57),(57,58),0,0,(63,65),(64,63),(63,62),(60,61),(58,59),(59,69),0,0,(18,19),(19,50),(50,52),(52,54),(53,51),(22,21),(21,51),(51,49),(49,47),(46,44),0,0,(3,2),(60,62),(66,68),(66,62),(60,58),0,0,(76,77),(77,15),(15,17),(14,13),(13,77),(13,16),(16,12),0,0,(49,50),(52,53),(53,24),(24,25),(26,28),(26,23),(23,75),(75,22),0,0,(15,18),(19,21),(25,26),(27,26),(25,75),(48,47),0,0,(72,73),(74,73),(72,18),0,0,(22,24),(25,29),(29,28),(23,31),(31,30),(32,33),0,0,(32,34),(32,35),0,0,(56,55),(40,39),(36,33),(33,37),(39,35),(35,41),0,0,(76,20),(73,71),(71,70),(71,72),(31,32),0
q 11164

egl-e4-A
Path scanning solution:
s 0,(1,2),(2,3),(2,4),(4,5),(5,6),(5,7),(7,8),(8,9),(9,10),(10,11),(11,12),(12,16),(13,14),(50,52),0,0,(4,69),(69,58),(58,57),(57,42),(42,41),(41,35),(35,39),(39,37),(37,38),(39,40),(56,55),0,0,(69,59),(59,58),(58,60),(60,61),(60,62),(62,63),(63,64),(63,65),(62,66),(66,68),(56,42),(51,21),0,0,(59,11),(11,48),(48,47),(47,46),(46,45),(45,44),(44,46),(44,59),(47,49),(51,53),0,0,(44,43),(43,42),(41,40),(35,32),(32,31),(31,30),(23,26),(24,22),(53,52),(52,54),0,0,(60,67),(67,56),(67,62),(37,33),(33,32),(32,34),(33,36),(49,50),0,0,(49,51),(21,19),(19,18),(18,15),(15,14),(13,16),(13,77),(77,15),(15,17),(77,76),(76,12),(76,20),(20,19),0,0,(50,19),(20,18),(18,72),(72,71),(71,70),(71,73),(73,72),(73,74),(53,24),(25,75),0,0,(21,22),(22,75),(75,23),(23,31),(26,25),(25,24),(25,29),(29,28),(28,26),(26,27),0
q 7840
Sim solution:
s 0,(1,2),(5,7),(8,9),(9,10),(10,11),(11,12),(12,16),(13,16),(8,7),(5,6),(5,4),0,0,(4,69),(69,59),(59,58),(58,57),(57,42),(42,41),(41,35),(35,39),(39,37),(39,40),(40,41),0,0,(69,58),(58,60),(61,60),(60,62),(68,66),(66,62),(62,63),(65,63),(64,63),(62,67),0,0,(59,11),(11,48),(48,47),(47,46),(46,45),(45,44),(44,59),(4,2),0,0,(44,43),(43,42),(35,32),(32,31),(31,30),(23,26),(24,22),(21,51),(53,52),(54,52),(52,50),0,0,(60,67),(67,56),(56,55),(56,42),(37,38),(37,33),(36,33),(33,32),(32,34),0,0,(44,46),(47,49),(49,50),(50,19),(19,20),(76,77),(77,15),(17,15),(77,13),(13,14),(14,15),(15,18),(18,19),0,0,(12,76),(76,20),(20,18),(72,71),(70,71),(71,73),(73,74),(73,72),(72,18),(19,21),(51,49),0,0,(21,22),(22,75),(23,31),(23,75),(75,25),(25,29),(29,28),(28,26),(26,27),(26,25),(25,24),(24,53),(53,51),(2,3),0
q 6764

egl-e4-B
Path scanning solution:
s 0,(1,2),(2,3),(2,4),(4,5),(5,6),(5,7),(7,8),(8,9),(50,52),0,0,(4,69),(69,58),(58,59),(59,69),(59,44),(47,49),0,0,(59,11),(11,10),(10,9),(11,12),(12,16),(13,14),(21,51),0,0,(58,57),(57,42),(42,41),(41,35),(35,39),(39,37),(37,38),(39,40),(40,41),(51,53),0,0,(58,60),(60,61),(60,62),(62,63),(63,64),(63,65),(62,66),(56,55),0,0,(44,43),(43,42),(42,56),(56,67),(67,60),0,0,(44,45),(45,46),(46,44),(46,47),(47,48),(48,11),(12,76),(76,20),(52,53),0,0,(62,67),(66,68),(35,32),(31,30),(22,24),0,0,(49,50),(50,19),(19,18),(18,15),(15,14),(13,16),(13,77),(77,15),(52,54),(51,49),0,0,(76,77),(15,17),(18,20),(20,19),(19,21),(21,22),(72,71),(71,73),0,0,(53,24),(24,25),(25,75),(75,22),(75,23),(23,26),(26,25),(25,29),(29,28),0,0,(18,72),(72,73),(73,74),(71,70),0,0,(23,31),(31,32),(32,33),(33,36),(26,27),0,0,(26,28),(32,34),(33,37),0
q 10837
Sim solution:
s 0,(1,2),(4,5),(5,7),(9,8),(8,7),(5,6),0,0,(2,4),(4,69),(69,58),(58,59),(59,69),(3,2),0,0,(59,11),(11,12),(12,16),(11,10),(10,9),0,0,(58,57),(57,42),(42,41),(41,40),(40,39),(37,39),(39,35),(35,41),(44,45),0,0,(58,60),(62,63),(63,65),(64,63),(62,66),(66,68),(62,60),0,0,(44,43),(43,42),(42,56),(56,67),(67,60),0,0,(59,44),(44,46),(46,47),(47,48),(48,11),(12,76),(20,76),0,0,(60,61),(62,67),(56,55),(35,32),(21,51),(51,53),(54,52),(50,49),0,0,(16,13),(13,77),(77,15),(13,14),(14,15),(15,18),(18,19),(19,50),(50,52),(52,53),(51,49),0,0,(45,46),(21,19),(19,20),(17,15),(77,76),(20,18),(72,71),(71,73),0,0,(53,24),(24,25),(25,26),(23,75),(75,25),(25,29),(29,28),(26,23),(75,22),0,0,(18,72),(72,73),(74,73),(70,71),0,0,(21,22),(26,27),(23,31),(34,32),(32,33),(36,33),(37,38),0,0,(47,49),(22,24),(26,28),(31,30),(31,32),(33,37),0
q 9585

egl-e4-C
Path scanning solution:
s 0,(1,2),(2,3),(2,4),(4,5),(5,6),(50,52),0,0,(4,69),(69,58),(59,69),(44,45),0,0,(5,7),(7,8),(8,9),(9,10),(10,11),(11,12),(12,76),(76,20),0,0,(59,58),(58,57),(57,42),(42,43),(51,21),0,0,(59,11),(12,16),(16,13),(13,14),0,0,(59,44),(44,43),(42,41),(40,39),0,0,(58,60),(60,61),(60,62),(62,63),(51,53),0,0,(44,46),(46,45),(46,47),(47,48),(47,49),(49,50),(50,19),(52,53),(51,49),0,0,(11,48),(52,54),(53,24),(24,22),(22,21),0,0,(60,67),(67,56),(56,55),(56,42),(41,35),(35,39),(40,41),0,0,(62,66),(66,68),(62,67),(63,64),(63,65),(37,38),0,0,(76,77),(77,13),(14,15),(15,17),(15,18),(72,71),(71,73),0,0,(21,19),(19,18),(18,20),(77,15),(72,73),(23,26),0,0,(20,19),(18,72),0,0,(22,75),(75,25),(25,24),(25,26),(26,27),(26,28),0,0,(75,23),(23,31),(31,30),(31,32),0,0,(25,29),(29,28),(32,33),(33,36),(37,39),0,0,(35,32),(32,34),0,0,(37,33),(73,74),0,0,(71,70),0
q 14545
Sim solution:
s 0,(2,4),(5,4),(2,3),0,0,(1,2),(4,69),0,0,(58,59),(59,11),(10,9),0,0,(69,58),(58,57),(42,43),0,0,(8,9),(11,12),(16,13),(13,77),(77,76),(11,10),0,0,(59,44),(44,43),(41,42),0,0,(58,60),(60,62),(62,67),(60,61),0,0,(44,46),(46,47),(48,47),(49,50),(50,19),(18,20),(59,69),0,0,(11,48),(50,52),(52,53),(53,24),(24,22),(22,21),0,0,(60,67),(67,56),(56,55),(56,42),(41,35),(35,39),(39,40),0,0,(66,68),(66,62),(62,63),(63,64),(65,63),0,0,(12,16),(13,14),(14,15),(15,77),(15,17),(15,18),0,0,(44,45),(45,46),(49,51),(21,19),(19,20),(20,76),(8,7),0,0,(6,5),(5,7),(72,73),(73,71),(71,70),(71,72),(18,19),0,0,(22,75),(75,23),(23,26),(28,26),(26,27),(26,25),(25,24),0,0,(51,21),(25,75),(23,31),(30,31),(31,32),0,0,(25,29),(29,28),(32,33),(33,36),(37,39),(40,41),0,0,(57,42),(35,32),(51,53),(52,54),(49,47),0,0,(37,38),(37,33),(34,32),0,0,(74,73),(72,18),(76,12),0
q 12334

egl-s1-A
Path scanning solution:
s 0,(1,116),(116,117),(117,2),(117,119),(118,114),(114,113),(113,112),(112,110),(110,107),(107,106),(105,104),(67,69),0,0,(112,107),(107,108),(108,109),(110,111),(106,105),(104,102),(63,62),(63,64),(56,55),(69,71),0,0,(87,86),(86,85),(85,84),(84,82),(82,80),(80,79),(79,78),(78,77),(77,46),(46,43),(43,37),(37,36),(36,38),(38,39),(39,40),0,0,(124,126),(126,130),(66,62),(64,65),(55,54),(55,140),(140,49),(49,48),(139,34),(34,45),0,0,(66,67),(67,68),(71,72),(72,73),(73,44),(44,43),(44,45),(139,33),(33,11),(12,13),(20,22),0,0,(95,96),(96,97),(97,98),(11,8),(8,6),(6,5),(8,9),(13,14),(12,11),(27,28),(28,29),(28,30),0,0,(11,27),(27,25),(25,24),(24,20),(30,32),0
q 6446
Sim solution:
s 0,(1,116),(116,117),(2,117),(118,114),(114,113),(113,112),(112,110),(111,110),0,0,(107,108),(109,108),(105,104),(104,102),(105,106),(106,107),(107,110),0,0,(87,86),(86,85),(85,84),(84,82),(82,80),(80,79),(79,78),(78,77),(77,46),(46,43),(43,37),(37,36),(36,38),(38,39),(39,40),0,0,(117,119),(126,130),(126,124),(66,62),(62,63),(63,64),(64,65),(55,54),(48,49),(49,140),(140,55),(107,112),0,0,(66,67),(67,69),(69,71),(72,73),(73,44),(139,33),(139,34),(34,45),(45,44),(44,43),0,0,(96,97),(97,98),(96,95),(56,55),(11,12),(12,13),(14,13),(9,8),(5,6),(6,8),(8,11),0,0,(68,67),(71,72),(33,11),(11,27),(30,32),(30,28),(29,28),(28,27),(27,25),(25,24),(24,20),(20,22),0
q 5388

egl-s1-B
Path scanning solution:
s 0,(1,116),(116,117),(117,2),(117,119),(118,114),(114,113),(97,98),0,0,(113,112),(112,110),(110,107),(107,106),(106,105),(105,104),(104,102),(66,62),(62,63),(63,64),0,0,(112,107),(107,108),(108,109),(110,111),0,0,(87,86),(86,85),(85,84),(84,82),(82,80),(80,79),(79,78),(78,77),(77,46),(46,43),(43,37),(38,39),(34,45),0,0,(124,126),(126,130),(66,67),(67,68),(67,69),(69,71),(71,72),(72,73),(44,45),(49,48),0,0,(64,65),(56,55),(55,54),(55,140),(140,49),(139,34),(44,43),0,0,(95,96),(96,97),(73,44),(37,36),(36,38),(39,40),(139,33),(12,13),0,0,(33,11),(11,8),(8,6),(6,5),(8,9),(28,29),0,0,(11,12),(13,14),(11,27),(27,25),(25,24),(27,28),(28,30),(20,22),0,0,(30,32),(24,20),0
q 8359
Sim solution:
s 0,(1,116),(116,117),(2,117),(117,119),0,0,(66,62),(62,63),(63,64),(102,104),(105,106),(106,107),(107,110),(111,110),(110,112),0,0,(107,108),(109,108),(112,113),(113,114),0,0,(87,86),(85,84),(84,82),(80,79),(43,37),(36,37),(46,77),(77,78),(78,79),(85,86),0,0,(124,126),(126,130),(68,67),(67,66),(118,114),0,0,(112,107),(64,65),(56,55),(55,140),(140,49),(139,34),(44,43),0,0,(97,98),(97,96),(96,95),(67,69),(69,71),(71,72),(72,73),(73,44),(36,38),(40,39),(39,38),0,0,(82,80),(11,8),(5,6),(6,8),(8,9),(13,12),0,0,(46,43),(45,34),(29,28),(32,30),(30,28),(27,11),(11,33),(48,49),(54,55),(104,105),0,0,(44,45),(139,33),(28,27),(27,25),(25,24),(24,20),(20,22),(14,13),(12,11),0
q 6848

egl-s1-C
Path scanning solution:
s 0,(1,116),(116,117),(117,2),(117,119),(87,86),(86,85),0,0,(114,113),(113,112),(112,110),(110,107),(107,106),(106,105),(105,104),(107,112),(67,69),0,0,(114,118),(85,84),(84,82),(82,80),(46,43),0,0,(107,108),(110,111),(104,102),(66,62),(62,63),(56,55),0,0,(108,109),0,0,(124,126),(126,130),(80,79),(79,78),(78,77),(77,46),0,0,(66,67),(67,68),(69,71),(71,72),(72,73),(44,45),(45,34),(49,48),0,0,(63,64),(64,65),(55,54),(55,140),(140,49),(139,33),(12,13),(27,28),0,0,(95,96),(96,97),(97,98),(73,44),(44,43),(38,39),0,0,(43,37),(37,36),(36,38),(39,40),(33,11),0,0,(34,139),(11,8),(28,29),0,0,(11,12),(13,14),(11,27),(28,30),0,0,(30,32),(27,25),(25,24),(24,20),(20,22),0,0,(8,6),(6,5),(8,9),0
q 10486
Sim solution:
s 0,(1,116),(116,117),(117,2),(117,119),0,0,(114,113),(112,110),(110,111),(110,107),(107,106),(106,105),(107,112),0,0,(114,118),(82,84),(84,85),(85,86),0,0,(66,62),(62,63),(102,104),(104,105),(108,107),(112,113),0,0,(108,109),0,0,(124,126),(126,130),(82,80),(77,78),(78,79),(79,80),0,0,(66,67),(67,68),(69,71),(71,72),(72,73),(44,45),(49,48),(55,56),0,0,(63,64),(64,65),(54,55),(55,140),(11,12),(13,12),(33,139),(43,46),0,0,(96,97),(97,98),(96,95),(67,69),(73,44),(44,43),0,0,(77,46),(37,36),(36,38),(40,39),(49,140),0,0,(34,139),(8,11),(27,28),0,0,(33,11),(13,14),(11,27),(30,28),(28,29),0,0,(32,30),(27,25),(25,24),(24,20),(20,22),0,0,(87,86),(45,34),(9,8),(8,6),(6,5),(43,37),(39,38),0
q 9518

egl-s2-A
Path scanning solution:
s 0,(1,116),(116,117),(117,2),(117,118),(118,114),(114,113),(113,112),(112,110),(110,107),(107,106),(105,104),(67,69),0,0,(117,119),(87,86),(86,85),(85,84),(84,82),(82,80),(80,79),(79,78),(78,77),(77,76),(76,75),(71,70),(70,69),(69,71),(71,72),(72,73),0,0,(113,103),(102,104),(105,106),(106,108),(108,107),(107,112),(110,111),(93,64),(64,63),(63,62),(62,57),(58,70),0,0,(108,109),(93,63),(62,66),(66,67),(67,68),(72,74),(74,73),(45,34),(42,47),0,0,(124,4),(124,126),(126,127),(127,128),(128,3),(128,129),(129,127),(126,130),(131,132),(136,138),0,0,(125,138),(138,131),(131,126),(132,133),(133,134),(134,135),(135,133),(134,136),(136,137),(84,83),(83,82),(35,36),0,0,(89,92),(92,82),(83,81),(81,79),(81,80),(77,46),(46,47),(47,41),(41,40),(40,39),(39,38),(43,42),0,0,(100,99),(99,96),(96,95),(96,97),(97,98),(97,99),(64,65),(56,55),(55,54),(54,140),(140,53),(53,52),(51,50),(50,48),(29,28),0,0,(76,74),(73,44),(44,43),(43,37),(37,35),(35,34),(34,139),0,0,(58,57),(57,56),(55,140),(140,49),(49,48),(49,61),(61,60),(60,59),(59,58),(46,43),(28,27),0,0,(42,37),(37,36),(36,38),(38,41),(44,45),(45,60),(59,61),(139,33),(33,29),(28,30),(30,32),0,0,(33,11),(11,8),(8,6),(6,5),(8,9),(10,19),(13,12),(12,11),(13,14),0,0,(11,27),(27,25),(25,24),(24,20),(20,12),(13,16),(20,21),(20,22),0,0,(30,31),(26,25),(24,23),0
q 12810
Sim solution:
s 0,(116,117),(117,2),(117,118),(118,114),(114,113),(112,110),(111,110),(110,107),0,0,(117,119),(86,85),(85,84),(84,82),(80,81),(81,79),(78,77),(77,76),(76,75),(71,70),(70,69),(67,68),(103,113),0,0,(1,116),(112,107),(107,108),(108,106),(105,104),(93,64),(64,63),(63,93),(102,104),(105,106),(106,107),0,0,(109,108),(63,62),(57,62),(62,66),(66,67),(72,74),(46,47),(47,42),(42,43),(43,46),0,0,(124,4),(124,126),(126,130),(127,128),(128,3),(128,129),(129,127),(127,126),(131,132),(136,138),0,0,(126,131),(131,138),(134,133),(133,132),(133,135),(135,134),(134,136),(137,136),(138,125),(84,83),(83,82),0,0,(38,41),(38,39),(39,40),(40,41),(41,47),(46,77),(79,80),(80,82),(82,92),(92,89),0,0,(113,112),(100,99),(99,96),(95,96),(96,97),(98,97),(97,99),(64,65),(56,55),(55,54),(54,140),(140,53),(53,52),(51,50),(50,48),0,0,(87,86),(79,78),(76,74),(74,73),(73,44),(34,35),(35,37),(37,42),(43,44),(73,72),(72,71),0,0,(69,71),(58,57),(57,56),(55,140),(140,49),(49,61),(61,60),(60,59),(59,58),(58,70),(69,67),0,0,(43,37),(37,36),(38,36),(36,35),(45,60),(29,28),(30,32),(30,28),(29,33),(33,139),(48,49),(61,59),0,0,(11,12),(12,13),(16,13),(19,10),(9,8),(8,6),(6,5),(8,11),(11,33),(34,45),0,0,(14,13),(12,20),(21,20),(20,24),(25,27),(27,28),(27,11),(45,44),0,0,(34,139),(20,22),(24,23),(24,25),(25,26),(31,30),(81,83),0
q 11084

egl-s2-B
Path scanning solution:
s 0,(1,116),(116,117),(117,2),(117,118),(118,114),0,0,(117,119),(87,86),(86,85),(85,84),(84,82),(82,80),(80,79),(79,78),(78,77),(77,76),(77,46),(46,47),0,0,(114,113),(113,112),(112,110),(110,107),(107,106),(106,105),(105,104),(104,102),(93,64),(64,63),(63,62),(70,69),0,0,(113,103),(112,107),(107,108),(108,106),(110,111),(93,63),(56,55),0,0,(108,109),(100,99),(99,96),(96,95),(97,98),0,0,(124,4),(124,126),(126,127),(127,128),(128,3),(47,42),0,0,(125,138),(138,136),(136,134),(134,133),(133,132),(132,131),(131,126),(126,130),(127,129),(82,83),0,0,(84,83),(83,81),(81,79),(81,80),(82,92),(92,89),(68,67),(67,66),(67,69),(69,71),(71,70),(71,72),0,0,(138,131),(133,135),(135,134),(136,137),(129,128),(76,74),0,0,(66,62),(62,57),(57,56),(55,54),(54,140),(140,53),(50,48),0,0,(70,58),(58,57),(58,59),(59,60),(60,45),(45,44),(44,43),(43,42),(43,46),0,0,(72,73),(73,74),(74,72),(73,44),(45,34),(34,139),(139,33),(12,13),(27,28),0,0,(76,75),(43,37),(37,35),(35,34),(42,37),(35,36),0,0,(64,65),(55,140),(140,49),(49,48),(50,51),(52,53),(49,61),(61,60),(38,39),0,0,(99,97),(97,96),(59,61),(33,29),(29,28),(28,30),(25,24),0,0,(47,41),(41,40),(40,39),(38,36),0,0,(37,36),(38,41),(33,11),(11,8),(8,6),(6,5),(16,13),(20,22),0,0,(11,12),(12,20),(20,21),(20,24),0,0,(11,27),(27,25),(25,26),(31,30),0,0,(13,14),(19,10),(9,8),(30,32),0,0,(24,23),0
q 17068
Sim solution:
s 0,(118,114),(116,1),0,0,(89,92),(92,82),(82,80),(80,79),(79,81),(83,82),(82,84),(85,86),(119,117),(2,117),0,0,(112,110),(111,110),(110,107),(107,106),(93,64),(64,63),(118,117),0,0,(114,113),(113,112),(112,107),(107,108),(108,106),(104,102),(103,113),0,0,(95,96),(96,99),(99,100),(109,108),0,0,(124,4),(124,126),(127,129),(129,128),(130,126),0,0,(127,128),(3,128),(127,126),(131,132),(131,138),(138,136),(138,125),0,0,(84,83),(83,81),(79,78),(78,77),(77,76),(76,74),(74,72),(72,71),(67,66),0,0,(116,117),(126,131),(132,133),(134,133),(133,135),(135,134),(134,136),(136,137),0,0,(105,104),(93,63),(62,57),(57,56),(48,49),(49,140),(140,54),(54,55),0,0,(66,62),(57,58),(58,59),(59,60),(45,60),(58,70),(70,69),(67,68),0,0,(69,71),(72,73),(33,11),(11,27),(28,29),(44,73),(73,74),(71,70),0,0,(75,76),(34,35),(36,35),(35,37),(42,37),(37,43),0,0,(64,65),(56,55),(55,140),(140,53),(53,52),(51,50),(50,48),(49,61),(61,60),(69,67),0,0,(106,105),(96,97),(97,98),(97,99),(63,62),(59,61),(139,34),0,0,(47,41),(41,40),(40,39),(39,38),(38,36),0,0,(85,84),(12,11),(8,6),(6,5),(8,11),(41,38),(36,37),(86,87),0,0,(80,81),(77,46),(16,13),(13,12),(12,20),(21,20),(43,46),0,0,(33,29),(27,25),(25,26),(31,30),0,0,(44,45),(139,33),(13,14),(19,10),(9,8),(27,28),(30,32),(30,28),(34,45),0,0,(46,47),(47,42),(42,43),(25,24),(24,23),(24,20),(22,20),(44,43),0
q 14839

egl-s2-C
Path scanning solution:
s 0,(1,116),(116,117),(117,2),(117,118),(87,86),(85,84),(47,42),0,0,(117,119),(118,114),(114,113),(113,112),(112,110),(110,107),0,0,(113,103),(102,104),(104,105),(105,106),(106,107),(67,69),0,0,(112,107),(107,108),(108,106),(110,111),(93,64),(64,63),0,0,(86,85),(84,82),(82,80),(80,79),(79,78),(78,77),(77,76),(77,46),(46,43),0,0,(108,109),(63,62),(70,69),0,0,(124,4),(124,126),(126,127),(127,128),(131,132),0,0,(125,138),(138,136),(136,134),(134,133),(133,132),(131,126),(127,129),(82,83),0,0,(126,130),(129,128),(128,3),(133,135),0,0,(84,83),(83,81),(81,79),(81,80),(82,92),(92,89),(68,67),(69,71),(71,70),(74,73),0,0,(138,131),(134,135),(136,137),(76,74),(97,98),0,0,(66,62),(62,57),(57,56),(56,55),(55,54),(45,34),0,0,(66,67),(71,72),(72,73),(73,44),(44,45),(43,42),(35,36),0,0,(93,63),(64,65),(55,140),(140,53),(53,52),(51,50),0,0,(100,99),(99,96),(96,95),(96,97),(97,99),(70,58),0,0,(72,74),(76,75),(58,57),(59,60),(60,45),(29,28),0,0,(58,59),(59,61),(61,60),(61,49),0,0,(46,47),(47,41),(41,40),0,0,(43,37),(37,35),(35,34),(139,33),(12,13),0,0,(43,44),(34,139),(33,11),(13,16),0,0,(42,37),(37,36),(36,38),(38,39),(39,40),(41,38),(49,48),(48,50),(28,27),0,0,(54,140),(140,49),(33,29),(28,30),(27,25),0,0,(11,8),(8,6),(6,5),(11,12),(20,22),0,0,(11,27),(30,31),(30,32),0,0,(12,20),(20,21),(24,25),(13,14),0,0,(8,9),(10,19),(20,24),0,0,(25,26),(23,24),0
q 20706
Sim solution:
s 0,(1,116),(116,117),(117,118),(89,92),(85,86),(86,87),0,0,(117,119),(118,114),(112,110),(111,110),(110,107),0,0,(107,106),(106,105),(105,104),(104,102),(103,113),0,0,(112,107),(107,108),(108,106),(93,64),(64,63),(63,62),0,0,(85,84),(84,82),(82,83),(83,81),(79,78),(78,77),(77,46),(76,74),0,0,(114,113),(113,112),(109,108),0,0,(126,127),(126,131),(126,124),(124,4),0,0,(130,126),(131,132),(132,133),(133,134),(134,136),(136,138),(138,125),0,0,(117,2),(127,129),(129,128),(3,128),(128,127),0,0,(84,83),(82,92),(82,80),(80,81),(81,79),(77,76),(74,73),(72,71),(71,69),(67,68),0,0,(136,137),(134,135),(135,133),(131,138),0,0,(66,62),(62,57),(54,55),(55,56),(56,57),(69,67),0,0,(66,67),(72,73),(44,73),(74,72),(71,70),(70,69),0,0,(93,63),(64,65),(55,140),(140,53),(53,52),(51,50),0,0,(100,99),(99,97),(97,98),(97,96),(96,95),(96,99),(58,70),0,0,(57,58),(59,60),(60,45),(14,13),(76,75),0,0,(58,59),(59,61),(49,61),(61,60),0,0,(46,47),(47,41),(40,41),0,0,(43,37),(37,35),(35,34),(33,139),(45,44),0,0,(43,44),(34,139),(11,12),(12,13),0,0,(49,48),(50,48),(38,41),(40,39),(39,38),(38,36),(36,37),(37,42),(42,43),0,0,(54,140),(140,49),(33,29),(28,27),(25,27),0,0,(47,42),(33,11),(6,5),(6,8),(8,11),(43,46),0,0,(11,27),(30,32),(31,30),0,0,(45,34),(13,16),(12,20),(20,21),(20,22),0,0,(80,79),(8,9),(10,19),(20,24),(28,30),(35,36),0,0,(29,28),(25,26),(23,24),(24,25),0
q 18258

egl-s3-A
Path scanning solution:
s 0,(1,116),(116,115),(115,114),(114,113),(113,112),(112,110),(110,107),(107,106),(106,105),(105,104),(104,102),(93,64),(64,63),(63,62),(62,57),(58,70),0,0,(116,117),(117,115),(117,2),(117,118),(118,114),(113,103),(112,107),(110,111),(89,92),0,0,(117,119),(119,120),(87,86),(86,85),(85,84),(84,82),(82,80),(80,79),(79,78),(78,77),(77,76),(76,75),(75,71),(71,69),0,0,(107,108),(108,106),(108,109),(93,63),(62,66),(67,68),(97,98),0,0,(124,4),(124,126),(126,127),(127,128),(128,3),(128,129),(129,127),(126,130),(131,132),(132,133),0,0,(125,138),(138,136),(136,134),(134,133),(133,135),(135,134),(131,126),(131,138),(136,137),(84,83),(83,82),(80,81),0,0,(84,92),(92,82),(83,81),(81,79),(77,46),(46,47),(47,41),(41,40),(40,39),(39,38),0,0,(66,67),(67,69),(69,70),(70,71),(71,72),(72,73),(73,74),(74,72),(74,76),(46,43),(43,42),(42,37),(37,35),(35,34),(34,45),(42,47),0,0,(100,99),(99,96),(96,95),(96,97),(97,99),(64,65),(56,55),(55,54),(54,140),(140,53),(53,52),(52,51),(51,50),(50,48),0,0,(58,57),(57,56),(55,140),(140,49),(49,48),(49,61),(61,60),(60,59),(59,58),(60,45),0,0,(43,37),(37,36),(36,35),(36,38),(38,41),(43,44),(44,45),(34,139),(139,33),(33,29),(29,28),0,0,(73,44),(59,61),(33,11),(11,8),(8,6),(6,5),(8,9),(10,15),(15,16),(13,17),0,0,(11,12),(12,13),(13,14),(13,16),(15,17),(17,18),(19,10),(12,20),(20,21),(20,22),(24,25),(27,28),(28,30),0,0,(11,27),(27,25),(25,26),(31,30),(30,32),(24,20),0,0,(24,23),0
q 12794
Sim solution:
s 0,(112,110),(110,111),(110,107),(107,106),(106,105),(105,104),(93,63),(93,64),(64,63),(63,62),(57,62),(62,66),(107,112),(112,113),(113,114),0,0,(116,115),(115,114),(114,118),(118,117),0,0,(1,116),(116,117),(86,85),(85,84),(84,82),(80,79),(79,78),(76,75),(75,71),(117,115),0,0,(113,103),(102,104),(106,108),(108,109),(108,107),0,0,(4,124),(126,127),(127,129),(129,128),(3,128),(128,127),(130,126),(119,117),0,0,(124,126),(126,131),(131,138),(134,133),(131,132),(132,133),(133,135),(135,134),(134,136),(136,137),(136,138),(138,125),(120,119),0,0,(82,83),(47,42),(35,36),(38,39),(39,40),(40,41),(41,47),(47,46),(82,92),(92,89),(92,84),0,0,(58,59),(60,45),(34,35),(35,37),(37,42),(42,43),(46,77),(77,76),(76,74),(74,72),(72,71),(71,69),0,0,(99,96),(96,95),(96,97),(98,97),(97,99),(99,100),(64,65),(55,54),(54,140),(140,53),(53,52),(52,51),(51,50),(50,48),0,0,(71,70),(59,60),(60,61),(61,49),(49,48),(49,140),(140,55),(55,56),(56,57),(57,58),(58,70),(67,68),0,0,(78,77),(43,44),(139,33),(29,33),(139,34),(38,41),(38,36),(36,37),(37,43),0,0,(66,67),(67,69),(69,70),(59,61),(17,15),(15,10),(9,8),(5,6),(6,8),(8,11),(45,44),0,0,(46,43),(12,13),(13,14),(13,17),(17,18),(19,10),(15,16),(16,13),(12,20),(20,21),(22,20),(24,25),(27,28),(79,81),(81,80),(86,87),0,0,(84,83),(83,81),(45,34),(30,32),(26,25),(25,27),(27,11),(11,33),(80,82),(2,117),0,0,(72,73),(73,74),(73,44),(29,28),(28,30),(30,31),(23,24),(24,20),(12,11),0
q 11396

egl-s3-B
Path scanning solution:
s 0,(1,116),(116,115),(115,114),(114,113),(113,112),(112,110),(110,107),(107,106),(106,105),(105,104),(110,111),(97,98),0,0,(116,117),(117,115),(117,2),(117,118),(120,119),(119,117),(112,107),(87,86),0,0,(114,118),(86,85),(85,84),(84,82),(82,80),(80,79),(79,78),(78,77),(47,42),0,0,(113,103),(102,104),(106,108),(108,107),(93,64),0,0,(108,109),(93,63),(63,62),(62,57),(58,70),0,0,(124,4),(124,126),(126,127),(127,128),(128,3),(67,69),0,0,(125,138),(138,136),(136,134),(134,133),(133,132),(132,131),(131,126),(126,130),(127,129),(82,83),0,0,(84,83),(83,81),(81,79),(81,80),(82,92),(92,89),(92,84),(77,76),(76,74),(45,34),0,0,(138,131),(133,135),(135,134),(136,137),(129,128),(77,46),(46,47),(42,43),0,0,(66,62),(63,64),(64,65),(56,55),(55,54),(54,140),(140,53),(53,52),(52,51),(50,48),(48,49),0,0,(66,67),(67,68),(69,70),(70,71),(71,69),(71,72),(72,73),(73,74),(74,72),(71,75),(46,43),(35,36),0,0,(100,99),(99,96),(96,95),(96,97),(97,99),(57,56),(29,28),0,0,(76,75),(58,57),(58,59),(59,60),(60,45),(45,44),(38,39),0,0,(43,37),(37,35),(35,34),(34,139),(139,33),(28,27),0,0,(43,44),(44,73),(60,61),(61,59),(61,49),(140,55),0,0,(47,41),(41,40),(40,39),(38,36),(28,30),0,0,(42,37),(37,36),(38,41),(33,29),(30,31),(27,25),0,0,(140,49),(50,51),(33,11),(11,8),(8,6),(10,15),(15,16),0,0,(11,12),(12,13),(13,14),(13,17),(17,15),(16,13),(17,18),(19,10),(9,8),0,0,(11,27),(30,32),(25,24),(24,20),(20,12),0,0,(6,5),(20,21),(23,24),(20,22),0,0,(25,26),0
q 18681
Sim solution:
s 0,(113,112),(107,106),(105,106),(107,110),(110,111),(110,112),(114,115),(115,117),0,0,(1,116),(116,117),(117,118),(120,119),(119,117),(117,2),0,0,(114,118),(84,83),(81,79),(79,78),(79,80),(80,82),(82,84),(85,86),0,0,(116,115),(114,113),(107,108),(108,106),(105,104),(104,102),(103,113),0,0,(93,63),(63,62),(62,57),(139,33),(26,25),(27,28),(28,29),(140,55),(64,93),0,0,(3,128),(128,129),(129,127),(127,126),(4,124),0,0,(138,136),(136,137),(136,134),(134,133),(133,132),(131,126),(130,126),(126,124),0,0,(85,84),(84,92),(92,89),(92,82),(82,83),(83,81),(81,80),(77,76),(76,74),0,0,(125,138),(138,131),(131,132),(134,135),(135,133),(127,128),(43,42),(42,47),(47,46),(46,77),0,0,(66,62),(63,64),(64,65),(56,55),(55,54),(54,140),(140,53),(53,52),(52,51),(50,48),(48,49),0,0,(66,67),(69,71),(75,71),(71,72),(72,73),(73,74),(74,72),(71,70),(58,70),(70,69),(67,68),0,0,(99,97),(98,97),(97,96),(95,96),(96,99),(99,100),(56,57),0,0,(57,58),(58,59),(59,60),(60,45),(75,76),(77,78),0,0,(43,37),(37,35),(36,35),(35,34),(139,34),(45,44),0,0,(67,69),(73,44),(60,61),(61,49),(61,59),(44,43),(43,46),(86,87),0,0,(47,41),(41,40),(40,39),(39,38),(38,36),0,0,(42,37),(37,36),(38,41),(33,29),(27,25),(31,30),0,0,(140,49),(50,51),(11,8),(8,6),(6,5),(10,15),(15,16),0,0,(11,12),(12,13),(17,13),(13,14),(13,16),(15,17),(17,18),(19,10),(9,8),0,0,(11,27),(28,30),(30,32),(25,24),(24,20),(20,12),0,0,(24,23),(21,20),(20,22),(11,33),(34,45),0,0,(108,109),(107,112),0
q 15478

egl-s3-C
Path scanning solution:
s 0,(1,116),(116,115),(115,114),(114,113),(113,112),(112,110),(110,107),(107,112),(105,104),0,0,(116,117),(117,115),(117,2),(117,118),(120,119),0,0,(117,119),(118,114),(107,106),(110,111),(97,98),0,0,(113,103),(102,104),(105,106),(106,108),0,0,(107,108),(93,64),(64,63),(63,62),(62,57),(57,58),(58,70),(69,67),0,0,(87,86),(86,85),(85,84),(84,82),(82,80),(80,79),(79,78),(78,77),(77,76),(46,47),0,0,(108,109),(64,65),0,0,(124,4),(124,126),(126,127),(127,128),(131,132),0,0,(125,138),(138,136),(136,134),(134,133),(133,132),(131,126),(127,129),(82,83),0,0,(126,130),(129,128),(128,3),(133,135),0,0,(84,83),(83,81),(81,79),(81,80),(82,92),(92,89),(92,84),0,0,(138,131),(134,135),(136,137),(77,46),(46,43),(43,42),(42,47),0,0,(66,62),(63,93),(100,99),(99,96),(96,95),(69,71),0,0,(66,67),(67,68),(69,70),(70,71),(71,72),(72,73),(73,74),(74,72),(44,45),0,0,(71,75),(75,76),(76,74),(45,34),(35,36),0,0,(58,59),(59,60),(60,45),(44,43),(43,37),0,0,(99,97),(97,96),(57,56),(56,55),(55,54),0,0,(47,41),(41,40),(39,38),0,0,(73,44),(34,139),(139,33),(12,13),(13,17),0,0,(42,37),(37,35),(35,34),(61,49),(49,48),0,0,(37,36),(36,38),(38,41),(40,39),(60,61),(48,50),0,0,(59,61),(49,140),(140,53),(53,52),(52,51),(140,55),0,0,(54,140),(50,51),(33,29),(29,28),(28,27),(28,30),0,0,(33,11),(11,8),(8,6),(6,5),(15,16),0,0,(11,12),(12,20),(20,21),0,0,(11,27),(27,25),(25,24),(24,20),(17,18),0,0,(13,14),(13,16),(15,10),(10,19),(17,15),(20,22),0,0,(30,31),(26,25),(30,32),0,0,(8,9),(24,23),0
q 20786
Sim solution:
s 0,(116,115),(115,114),(114,113),(112,110),(110,111),(110,107),(107,106),0,0,(115,117),(117,119),(119,120),(118,114),0,0,(1,116),(116,117),(117,2),(117,118),0,0,(113,103),(102,104),(105,106),(106,108),0,0,(107,108),(93,64),(64,63),(63,62),(62,57),(57,58),(58,70),(69,67),0,0,(87,86),(86,85),(84,82),(82,80),(80,79),(79,78),(77,78),(79,81),(81,80),0,0,(113,112),(112,107),(109,108),0,0,(127,129),(129,128),(127,126),(124,4),0,0,(125,138),(138,136),(136,134),(134,133),(133,132),(132,131),(131,126),(126,124),0,0,(135,133),(128,3),(128,127),(126,130),0,0,(85,84),(84,83),(81,83),(83,82),(82,92),(92,89),(92,84),0,0,(137,136),(134,135),(131,138),(77,46),(46,43),(43,42),(42,47),0,0,(66,62),(63,93),(95,96),(96,99),(99,100),(104,105),0,0,(68,67),(69,70),(70,71),(72,74),(74,73),(73,72),(72,71),(71,69),(67,66),0,0,(71,75),(75,76),(74,76),(76,77),0,0,(58,59),(59,60),(60,45),(44,43),(37,43),0,0,(57,56),(56,55),(54,55),(99,97),(98,97),(97,96),0,0,(38,41),(41,47),(47,46),0,0,(73,44),(34,139),(139,33),(13,16),(17,13),0,0,(42,37),(37,35),(35,34),(49,48),(65,64),0,0,(37,36),(36,38),(41,40),(40,39),(39,38),(36,35),(60,61),0,0,(59,61),(49,140),(140,53),(52,51),(52,53),(140,55),0,0,(54,140),(51,50),(11,27),(27,28),(30,28),0,0,(11,8),(5,6),(6,8),(15,16),(11,33),(34,45),0,0,(8,9),(21,20),(48,50),(49,61),0,0,(33,29),(29,28),(27,25),(25,24),(24,20),0,0,(11,12),(12,13),(17,15),(15,10),(10,19),(18,17),(14,13),0,0,(25,26),(31,30),(32,30),0,0,(44,45),(23,24),(22,20),(20,12),0
q 18992

egl-s4-A
Path scanning solution:
s 0,(1,116),(116,115),(115,114),(114,113),(113,112),(112,110),(110,107),(107,106),(106,105),(105,104),(104,102),(102,101),(101,94),(94,93),(94,100),(97,98),0,0,(116,117),(117,115),(117,2),(117,118),(118,114),(113,103),(91,90),(90,88),0,0,(117,119),(119,120),(120,121),(121,118),(118,91),(91,66),(66,62),(62,57),(69,67),0,0,(120,123),(123,122),(122,121),(122,87),(87,86),(86,85),(85,84),(84,82),(82,80),(80,79),(79,78),(78,77),(77,76),(76,75),0,0,(112,107),(107,108),(108,106),(110,111),(108,109),(102,103),0,0,(123,124),(124,4),(124,126),(126,127),(127,128),(128,3),(128,129),(129,127),(131,132),(136,138),0,0,(123,125),(125,138),(138,131),(131,126),(126,130),(132,133),(133,134),(134,135),(135,133),(84,83),0,0,(86,88),(88,89),(89,92),(92,82),(82,83),(83,81),(81,79),(81,80),(84,92),(90,68),(74,73),0,0,(91,103),(101,66),(66,67),(67,68),(69,70),(70,71),(71,69),(71,72),(72,73),(73,44),(44,43),(43,42),(42,47),(47,46),0,0,(136,134),(136,137),(77,46),(46,43),(43,37),(37,35),(35,34),(34,139),(34,45),(35,36),0,0,(94,95),(95,96),(96,97),(97,99),(99,96),(99,100),(93,64),(64,63),(63,62),(63,93),(56,55),0,0,(71,75),(72,74),(74,76),(47,41),(41,40),(40,39),(39,38),(38,41),(29,28),0,0,(70,58),(58,57),(57,56),(56,65),(65,64),(55,54),(54,140),(140,53),(53,52),(52,51),(50,48),(48,49),(28,27),(28,30),0,0,(58,59),(59,60),(60,45),(45,44),(60,61),(61,59),(61,49),(49,140),(140,55),(139,33),(12,13),0,0,(42,37),(37,36),(36,38),(139,48),(50,51),(33,29),(30,32),(13,17),0,0,(33,11),(11,8),(8,6),(6,5),(6,7),(8,9),(9,10),(10,15),(15,16),(16,13),(13,14),0,0,(11,12),(12,20),(20,21),(21,23),(23,24),0,0,(11,27),(27,25),(25,24),(24,20),(20,22),(25,26),(26,23),(26,31),(17,15),(17,18),(18,19),0,0,(30,31),(19,10),0
q 16381
Sim solution:
s 0,(112,110),(111,110),(110,107),(107,106),(104,102),(102,101),(96,99),(100,94),(102,103),(103,113),(113,114),0,0,(114,118),(118,117),(2,117),(117,115),0,0,(1,116),(116,117),(118,91),(71,70),(70,58),(57,62),(62,66),(66,91),0,0,(117,119),(119,120),(120,123),(123,122),(87,86),(86,85),(82,80),(80,79),(78,77),(77,76),(76,75),(71,69),(67,68),0,0,(116,115),(115,114),(112,107),(106,108),(109,108),(108,107),0,0,(123,124),(4,124),(127,129),(129,128),(3,128),(128,127),(127,126),(126,124),0,0,(130,126),(126,131),(131,132),(132,133),(133,135),(135,134),(131,138),(138,125),(125,123),0,0,(86,88),(68,90),(90,88),(88,89),(89,92),(82,83),(83,81),(81,80),(82,92),(92,84),0,0,(91,103),(101,66),(66,67),(71,75),(72,73),(73,44),(44,43),(42,47),(47,46),(122,121),0,0,(138,136),(137,136),(136,134),(134,133),(43,37),(37,36),(36,35),(34,139),(33,29),(84,85),0,0,(113,112),(94,95),(95,96),(96,97),(98,97),(97,99),(99,100),(94,93),(93,63),(63,64),(64,93),0,0,(67,69),(71,72),(72,74),(74,73),(74,76),(36,38),(38,41),(41,40),(40,39),(39,38),(41,47),0,0,(62,63),(65,56),(48,50),(50,51),(51,52),(52,53),(53,140),(140,54),(54,55),(56,57),(57,58),(70,69),0,0,(84,82),(46,43),(44,45),(45,60),(59,60),(60,61),(55,140),(140,49),(49,61),(61,59),(59,58),(90,91),0,0,(106,105),(105,104),(101,94),(64,65),(56,55),(49,48),(48,139),(34,35),(35,37),(37,42),(42,43),(79,81),(83,84),0,0,(33,11),(14,13),(13,16),(16,15),(15,10),(10,9),(9,8),(7,6),(5,6),(6,8),(8,11),0,0,(139,33),(12,20),(20,21),(21,23),(23,24),(27,28),(28,29),0,0,(17,13),(20,22),(20,24),(24,25),(25,26),(26,31),(26,23),(25,27),(27,11),(34,45),(121,118),0,0,(120,121),(79,78),(77,46),(11,12),(12,13),(17,18),(18,19),(19,10),(15,17),(28,30),(32,30),(31,30),(87,122),0
q 13862

egl-s4-B
Path scanning solution:
s 0,(1,116),(116,115),(115,114),(114,113),(113,112),(112,110),(110,107),(107,106),(106,105),(105,104),(101,94),(67,69),0,0,(116,117),(117,115),(117,2),(117,118),(118,91),(91,90),(90,88),0,0,(117,119),(119,120),(120,121),(121,118),(118,114),(112,107),(110,111),(121,122),(97,98),0,0,(120,123),(123,122),(122,87),(87,86),(86,85),(85,84),(84,82),(82,80),(80,79),(79,78),(79,81),0,0,(113,103),(103,102),(102,101),(101,66),(94,93),(63,62),0,0,(107,108),(108,106),(104,102),(94,95),(95,96),(96,97),0,0,(123,124),(124,4),(124,126),(126,127),(127,128),(127,129),(131,132),0,0,(123,125),(125,138),(138,136),(136,134),(134,133),(133,132),(131,126),(129,128),(46,43),0,0,(86,88),(88,89),(89,92),(92,82),(82,83),(83,81),(81,80),(78,77),(77,76),(46,47),(47,42),(35,36),0,0,(108,109),(103,91),(92,84),0,0,(91,66),(66,62),(62,57),(57,58),(58,70),(70,69),0,0,(90,68),(68,67),(67,66),(94,100),(100,99),0,0,(126,130),(131,138),(136,137),(134,135),(135,133),(77,46),0,0,(84,83),(76,75),(75,71),(71,70),(69,71),(71,72),(72,73),(73,74),(45,34),(43,42),0,0,(128,3),(76,74),(74,72),(73,44),(44,43),(38,39),(55,56),0,0,(93,64),(64,63),(63,93),(64,65),(65,56),(56,57),0,0,(58,59),(59,60),(60,45),(45,44),(34,139),(139,33),(29,28),(28,27),0,0,(99,96),(99,97),(55,54),(54,140),(140,53),(53,52),(52,51),(51,50),(28,30),0,0,(43,37),(37,35),(35,34),(60,61),(61,59),0,0,(47,41),(41,40),(40,39),(38,36),(13,17),0,0,(42,37),(37,36),(38,41),(139,48),(48,49),(49,140),(140,55),(49,61),0,0,(48,50),(33,29),(30,31),(31,26),(26,23),(24,25),(20,22),(18,19),0,0,(33,11),(11,8),(8,6),(6,5),(6,7),(9,10),(10,15),0,0,(11,12),(12,13),(13,14),(13,16),(16,15),(15,17),(17,18),(19,10),(12,20),0,0,(11,27),(27,25),(25,26),(30,32),0,0,(8,9),(20,21),(21,23),0,0,(20,24),(24,23),0
q 21127
Sim solution:
s 0,(117,115),(115,114),(112,110),(107,106),(105,104),(106,108),0,0,(116,117),(117,118),(118,91),(91,103),0,0,(117,2),(117,119),(119,120),(120,121),(121,118),(118,114),0,0,(123,124),(123,122),(122,87),(81,79),(79,80),(80,82),(82,84),(84,85),(85,86),(122,121),0,0,(113,103),(103,102),(102,101),(93,94),(94,101),(101,66),0,0,(1,116),(114,113),(106,105),(104,102),(97,98),(97,96),(96,95),(95,94),(107,112),0,0,(127,129),(129,128),(128,3),(127,126),(124,4),0,0,(127,128),(126,131),(131,132),(133,134),(134,136),(136,137),(136,138),(125,123),0,0,(86,88),(88,89),(89,92),(92,82),(80,81),(42,47),(47,46),(81,83),(83,82),(92,84),0,0,(116,115),(110,111),(110,107),(108,109),(108,107),(112,113),0,0,(91,66),(66,62),(62,57),(57,58),(58,70),(70,69),0,0,(91,90),(90,68),(67,66),(94,100),(99,100),0,0,(124,126),(130,126),(132,133),(134,135),(135,133),(131,138),(138,125),0,0,(90,88),(67,69),(70,71),(71,72),(73,72),(71,75),(75,76),(76,77),(78,79),0,0,(120,123),(78,77),(77,46),(46,43),(43,44),(44,73),(73,74),(74,72),0,0,(93,63),(63,64),(64,65),(65,56),(56,57),(64,93),0,0,(68,67),(69,71),(58,59),(59,60),(60,45),(34,139),(45,44),(43,42),0,0,(99,96),(97,99),(55,54),(54,140),(140,53),(53,52),(52,51),(51,50),(63,62),0,0,(43,37),(37,35),(35,34),(60,61),(61,59),0,0,(47,41),(41,40),(40,39),(38,36),(38,39),0,0,(42,37),(37,36),(38,41),(139,48),(48,50),(61,49),(49,140),(140,55),0,0,(33,29),(29,28),(27,28),(30,31),(31,26),(26,23),(24,25),(20,22),(86,87),0,0,(36,35),(33,11),(17,15),(10,9),(8,6),(6,7),(6,5),(8,11),0,0,(139,33),(11,12),(12,20),(17,18),(18,19),(19,10),(10,15),(15,16),(16,13),(13,12),0,0,(11,27),(27,25),(25,26),(30,32),(48,49),(55,56),0,0,(45,34),(28,30),(23,21),(21,20),(9,8),0,0,(84,83),(23,24),(24,20),(17,13),(13,14),(74,76),0
q 18089

egl-s4-C
Path scanning solution:
s 0,(1,116),(116,115),(115,114),(114,113),(113,112),(112,110),(110,107),(107,112),(105,104),0,0,(116,117),(117,115),(117,2),(117,118),(121,120),0,0,(117,119),(119,120),(120,123),(123,122),(122,121),(121,118),(91,90),(97,98),0,0,(114,118),(118,91),(91,103),0,0,(113,103),(103,102),(102,101),(101,94),(63,62),(69,67),0,0,(107,106),(106,105),(104,102),(101,66),(94,93),(63,64),0,0,(107,108),(108,106),(110,111),(90,88),(88,86),(86,87),0,0,(122,87),(86,85),(85,84),(84,82),(82,80),(80,79),(79,78),(78,77),(46,47),0,0,(123,124),(124,4),(124,126),(127,129),0,0,(123,125),(125,138),(138,136),(136,134),(134,133),(133,132),(132,131),(82,83),0,0,(108,109),(94,100),0,0,(91,66),(66,62),(62,57),0,0,(90,68),(68,67),(67,66),(69,70),0,0,(88,89),(89,92),(92,82),(83,81),(81,79),(81,80),(83,84),(77,76),(46,43),0,0,(126,127),(127,128),(128,3),(128,129),(133,135),0,0,(126,130),(126,131),(131,138),(43,42),(42,47),0,0,(84,92),(77,46),(43,37),(37,35),(35,36),(36,37),(37,42),0,0,(136,137),(134,135),(76,75),(71,70),(70,58),(69,71),(45,34),0,0,(94,95),(95,96),(96,97),(97,99),(71,72),0,0,(93,64),(64,65),(65,56),(56,55),(55,54),(54,140),(140,55),0,0,(93,63),(57,56),(140,53),(53,52),(50,48),0,0,(100,99),(99,96),(57,58),(58,59),(60,45),0,0,(71,75),(72,73),(73,74),(74,72),(74,76),(44,45),(29,28),0,0,(43,44),(44,73),(34,139),0,0,(47,41),(41,40),(39,38),0,0,(59,60),(60,61),(61,59),(61,49),(49,48),(51,52),0,0,(35,34),(139,33),(33,11),(12,13),(13,17),(18,19),0,0,(36,38),(38,41),(40,39),(139,48),(28,27),(28,30),0,0,(140,49),(50,51),(33,29),(25,24),0,0,(11,8),(8,6),(6,5),(6,7),(9,10),0,0,(11,12),(12,20),(20,21),0,0,(11,27),(27,25),(25,26),0,0,(13,14),(13,16),(16,15),(15,10),(10,19),(18,17),(17,15),(20,22),0,0,(30,31),(31,26),(26,23),(24,20),0,0,(30,32),(24,23),0,0,(8,9),(21,23),0
q 25715
Sim solution:
s 0,(1,116),(115,114),(112,110),(110,111),(110,107),(107,112),0,0,(116,117),(117,118),(121,120),(117,115),0,0,(118,121),(122,123),(123,120),(120,119),(119,117),0,0,(114,118),(118,91),(91,103),0,0,(113,103),(103,102),(94,100),(99,96),0,0,(114,113),(107,106),(106,105),(104,102),(101,66),(2,117),0,0,(107,108),(108,106),(105,104),(90,88),(88,86),0,0,(122,87),(86,85),(84,82),(82,80),(80,79),(78,77),(46,77),(81,80),0,0,(121,122),(123,124),(124,126),(124,4),0,0,(123,125),(125,138),(138,136),(136,137),(134,133),(133,132),(132,131),(129,127),0,0,(116,115),(109,108),0,0,(91,66),(66,62),(63,64),0,0,(66,67),(67,68),(68,90),(90,91),0,0,(88,89),(89,92),(92,82),(84,83),(79,78),(79,81),(81,83),(83,82),0,0,(135,133),(127,128),(128,3),(128,129),(127,126),0,0,(138,131),(131,126),(130,126),(43,42),(47,46),0,0,(84,92),(46,43),(43,37),(37,36),(36,35),(35,37),(37,42),(42,47),0,0,(136,134),(134,135),(76,75),(71,70),(70,58),(71,69),0,0,(101,94),(94,95),(95,96),(96,97),(98,97),(97,99),0,0,(93,64),(64,65),(65,56),(56,55),(55,54),(54,140),(140,55),0,0,(93,63),(57,56),(140,53),(53,52),(50,48),0,0,(113,112),(99,100),(63,62),(62,57),(57,58),(59,58),0,0,(69,70),(71,75),(76,74),(74,73),(73,72),(74,72),(72,71),0,0,(67,69),(73,44),(34,139),(44,43),0,0,(47,41),(41,40),(39,38),0,0,(61,60),(60,59),(59,61),(61,49),(49,48),(51,52),0,0,(35,34),(13,17),(13,12),(11,33),(33,139),(86,87),0,0,(39,40),(41,38),(38,36),(139,48),(101,102),0,0,(140,49),(51,50),(11,27),(28,29),(76,77),0,0,(5,6),(6,7),(6,8),(8,11),(45,60),0,0,(11,12),(12,20),(21,20),0,0,(33,29),(27,25),(25,26),0,0,(85,84),(22,20),(17,15),(15,10),(10,19),(18,17),(15,16),(16,13),(13,14),0,0,(45,34),(30,31),(31,26),(26,23),(25,24),(24,20),0,0,(44,45),(18,19),(10,9),(9,8),(30,32),(30,28),(93,94),0,0,(28,27),(24,23),(23,21),0
q 23315

gdb1
Path scanning solution:
s 0,(1,2),(2,3),(3,4),(4,1),(1,7),0,0,(1,10),(10,8),(8,7),(7,6),(6,5),0,0,(1,12),(12,5),(5,3),(5,11),(11,8),0,0,(12,6),(12,7),(10,9),(9,2),(2,4),0,0,(9,11),(11,10),0
q 370
Sim solution:
s 0,(6,5),(5,3),(3,4),(2,3),(5,12),0,0,(1,12),(6,7),(7,1),0,0,(12,6),(5,11),(11,8),(8,7),0,0,(1,10),(10,9),(9,2),(2,4),(4,1),0,0,(1,2),(9,11),(11,10),(10,8),(7,12),0
q 316

gdb10
Path scanning solution:
s 0,(1,8),(8,3),(3,2),(2,1),(1,9),(9,3),(3,4),0,0,(1,10),(10,9),(9,8),(8,12),(12,10),(12,11),(11,1),0,0,(1,4),(4,2),(2,5),(5,1),(4,6),(6,5),0,0,(4,11),(11,6),(4,7),(7,2),(7,5),0
q 309
Sim solution:
s 0,(1,8),(8,3),(3,9),(9,1),(1,2),(2,3),(3,4),0,0,(1,10),(12,8),(8,9),(9,10),(10,12),(12,11),(11,1),0,0,(4,2),(2,7),(2,5),(5,6),(6,11),0,0,(1,4),(4,6),(11,4),(4,7),(7,5),(5,1),0
q 289

gdb11
Path scanning solution:
s 0,(1,8),(8,3),(3,2),(2,1),(1,9),(9,3),(3,4),(4,2),(2,5),(5,1),0,0,(1,10),(10,9),(9,8),(8,12),(12,10),(10,18),(18,17),(17,12),(18,19),0,0,(1,11),(11,4),(4,1),(9,19),(19,20),(20,8),(20,21),(21,3),(21,22),(22,13),(13,7),0,0,(4,6),(6,5),(5,14),(14,13),(7,2),(2,22),(7,4),(6,11),(11,12),0,0,(5,7),(14,15),(15,6),(15,16),(16,11),(16,17),0
q 465
Sim solution:
s 0,(1,8),(8,3),(3,2),(2,7),(7,5),(5,2),(2,4),(4,3),(21,3),(3,9),0,0,(1,10),(10,18),(18,17),(18,19),(19,9),(19,20),(8,12),(12,10),(10,9),(9,1),0,0,(1,11),(11,4),(4,7),(7,13),(13,22),(22,21),(21,20),(20,8),(8,9),0,0,(1,2),(2,22),(13,14),(14,15),(15,6),(6,4),(4,1),0,0,(1,5),(14,5),(5,6),(6,11),(11,16),(15,16),(16,17),(17,12),(12,11),0
q 395

gdb12
Path scanning solution:
s 0,(1,2),(2,3),(3,1),(1,5),(11,13),(9,8),0,0,(1,4),(4,5),(6,3),0,0,(2,6),(6,10),(10,4),(6,12),0,0,(2,7),(7,9),(9,13),(12,8),0,0,(2,8),(12,11),(10,5),0,0,(4,11),(11,10),0,0,(12,13),0
q 666
Sim solution:
s 0,(1,3),(3,2),0,0,(1,4),(4,5),0,0,(1,5),(5,10),(10,6),(6,3),0,0,(1,2),(2,8),(8,9),(9,7),(7,2),0,0,(4,10),(11,12),(12,6),(6,2),0,0,(4,11),(11,10),0,0,(11,13),(9,13),(13,12),(12,8),0
q 498

gdb13a
Path scanning solution:
s 0,(1,5),(5,2),(2,1),(1,6),(6,3),0,0,(1,7),(7,3),(3,2),(2,4),(4,3),0,0,(1,8),(8,2),(4,1),(7,9),0,0,(1,9),(9,5),(5,4),(5,7),0,0,(1,3),(3,8),(8,7),(7,6),(6,9),0,0,(7,10),(10,8),(8,9),(9,10),0,0,(5,6),0
q 589
Sim solution:
s 0,(1,6),(6,5),(5,4),(4,1),0,0,(7,3),(3,4),(4,2),(2,1),0,0,(1,8),(8,9),(9,7),0,0,(1,5),(5,2),(2,3),(3,6),(6,9),0,0,(7,8),(8,2),(3,1),0,0,(1,9),(9,10),(10,8),(8,3),(6,7),0,0,(1,7),(10,7),(7,5),(5,9),0
q 558

gdb14
Path scanning solution:
s 0,(1,2),(2,3),(3,1),(1,4),(4,3),(3,5),0,0,(1,5),(5,2),(2,4),(4,5),(5,6),0,0,(1,6),(6,2),(2,7),(6,3),0,0,(1,7),(7,3),(5,7),(7,4),(4,6),0,0,(7,6),0
q 123
Sim solution:
s 0,(2,5),(5,4),(4,1),0,0,(2,4),(4,6),(6,1),0,0,(1,7),(7,6),(6,3),(3,5),(5,1),0,0,(1,3),(3,7),(7,4),(4,3),(3,2),0,0,(1,2),(2,6),(6,5),(5,7),(7,2),0
q 100

gdb15
Path scanning solution:
s 0,(1,2),(2,3),(3,1),(1,4),(4,2),(2,5),(5,1),(1,6),(3,4),0,0,(1,7),(7,2),(2,6),(6,3),(3,5),(5,4),0,0,(3,7),(7,4),(4,6),(6,5),(5,7),0,0,(6,7),0
q 64
Sim solution:
s 0,(1,5),(5,2),(2,6),(6,4),(4,7),(7,2),0,0,(2,3),(3,4),(4,1),0,0,(1,2),(2,4),(4,5),(5,3),(3,7),(7,1),0,0,(1,3),(3,6),(6,5),(5,7),(7,6),(6,1),0
q 58

gdb16
Path scanning solution:
s 0,(1,2),(2,3),(3,1),(1,4),(4,2),(2,5),(5,1),0,0,(1,6),(6,2),(2,7),(7,1),(1,8),(8,2),(6,4),(4,5),(7,4),0,0,(3,4),(4,8),(8,3),(3,5),(5,6),0,0,(3,6),(6,7),(7,3),(5,7),0,0,(8,5),(7,8),(8,6),0
q 143
Sim solution:
s 0,(3,6),(6,2),(2,8),(8,3),(3,2),(2,5),(5,1),0,0,(1,7),(7,4),(4,8),(4,2),(2,7),(5,4),(4,6),(6,8),(8,1),0,0,(8,5),(5,3),(3,4),(4,1),0,0,(8,7),(7,5),(5,6),(6,1),0,0,(1,2),(6,7),(7,3),(3,1),0
q 127

gdb17
Path scanning solution:
s 0,(1,2),(2,3),(3,1),(1,4),(4,2),(2,5),(5,1),(1,6),(6,2),0,0,(1,7),(7,2),(2,8),(8,1),(3,4),(4,5),0,0,(3,5),(5,6),(6,3),(3,7),(7,4),(4,6),0,0,(3,8),(8,4),(5,7),(7,6),(6,8),0,0,(5,8),(8,7),0
q 95
Sim solution:
s 0,(7,5),(5,8),(8,7),(7,6),(6,1),0,0,(8,6),(6,5),(5,2),(2,4),(4,6),(6,2),(1,5),0,0,(6,3),(3,1),(1,8),(8,3),(3,4),0,0,(3,2),(2,8),(8,4),(4,1),0,0,(1,2),(2,7),(7,4),(4,5),(5,3),(3,7),(7,1),0
q 91

gdb18
Path scanning solution:
s 0,(1,2),(2,3),(3,1),(1,4),(4,2),(2,5),(5,1),(1,6),(6,2),(2,7),(7,1),0,0,(1,8),(8,2),(2,9),(9,1),(4,3),(3,5),(5,4),(4,6),(6,5),(5,7),0,0,(6,3),(3,7),(7,4),(4,8),(8,3),(3,9),(9,4),0,0,(6,7),(7,8),(8,5),(5,9),(9,6),(9,7),0,0,(6,8),(8,9),0
q 192
Sim solution:
s 0,(1,4),(4,8),(8,5),(5,7),(7,3),(3,9),(9,8),(8,7),(7,1),0,0,(1,8),(8,6),(6,5),(5,2),(2,9),(9,4),(4,3),(3,5),(5,1),0,0,(1,3),(3,2),(2,8),(8,3),(3,6),(6,1),0,0,(2,7),(7,4),(4,5),(5,9),(9,1),0,0,(1,2),(2,6),(6,7),(7,9),(9,6),(6,4),(4,2),0
q 164

gdb19
Path scanning solution:
s 0,(1,2),(2,3),(3,7),(2,4),(5,2),0,0,(1,4),(1,5),(5,7),(7,2),0,0,(1,6),(6,8),0
q 69
Sim solution:
s 0,(1,4),(4,2),(2,7),(7,5),0,0,(1,2),(2,3),(3,7),(2,5),(5,1),0,0,(6,8),(6,1),0
q 55

gdb2
Path scanning solution:
s 0,(1,2),(2,3),(3,4),(4,1),(1,7),0,0,(1,9),(9,2),(2,4),(4,12),(12,1),0,0,(1,10),(10,7),(7,6),(6,5),(5,3),0,0,(12,5),(5,11),(11,8),(8,6),(6,12),0,0,(12,7),(7,8),(8,10),(10,9),(9,11),0,0,(10,11),0
q 402
Sim solution:
s 0,(1,4),(4,3),(5,3),(3,2),(2,1),0,0,(1,10),(10,9),(9,2),(2,4),(4,12),0,0,(12,1),0,0,(5,6),(6,8),(8,11),(11,5),(5,12),0,0,(12,6),(6,7),(7,8),(8,10),(7,1),0,0,(1,9),(9,11),(11,10),(10,7),(7,12),0
q 339

gdb20
Path scanning solution:
s 0,(1,3),(3,7),(7,1),(1,4),(4,7),(7,5),(5,1),(1,9),(9,2),0,0,(1,8),(8,4),(4,9),(9,8),(8,7),0,0,(7,10),(10,3),(7,11),(11,5),0,0,(2,5),(5,6),(5,8),0,0,(8,10),0
q 139
Sim solution:
s 0,(1,3),(3,7),(5,8),(8,4),(4,1),0,0,(1,8),(8,9),(9,4),(4,7),0,0,(3,10),(7,11),(11,5),(5,1),0,0,(1,9),(9,2),(2,5),(6,5),(5,7),0,0,(1,7),(7,8),(8,10),(10,7),0
q 123

gdb21
Path scanning solution:
s 0,(1,2),(2,3),(3,1),(1,5),(5,2),(2,6),(6,11),0,0,(1,6),(6,3),(3,5),(5,7),(7,1),(1,8),0,0,(1,9),(9,2),(2,4),(4,7),(7,6),(6,9),(9,7),0,0,(1,10),(10,3),(3,11),(11,1),(2,8),0,0,(11,7),(7,8),(8,4),(4,9),(8,10),0,0,(10,6),(9,10),(10,7),0
q 176
Sim solution:
s 0,(1,5),(5,2),(2,6),(6,11),(6,3),(3,2),(2,1),0,0,(1,3),(3,5),(5,7),(7,6),(6,1),0,0,(1,7),(7,9),(9,4),(4,7),(7,10),(10,1),0,0,(1,11),(11,3),(2,8),(8,1),0,0,(3,10),(10,8),(8,4),(4,2),(8,7),(7,11),0,0,(1,9),(9,6),(6,10),(10,9),(9,2),0
q 158

gdb22
Path scanning solution:
s 0,(1,2),(2,3),(3,1),(1,4),(4,2),(2,7),(7,1),0,0,(1,5),(5,2),(2,8),(8,1),(1,6),(6,7),0,0,(1,9),(9,2),(2,11),(11,1),(1,10),(10,3),(3,4),0,0,(3,5),(5,4),(4,6),(6,8),(8,5),0,0,(3,7),(7,4),(4,8),(8,9),(9,3),0,0,(3,11),(11,4),(4,9),(9,6),(6,10),(10,4),(7,10),0,0,(5,7),(7,9),(9,10),(10,5),0,0,(5,11),(11,7),(11,9),0
q 209
Sim solution:
s 0,(4,7),(7,3),(3,2),(2,9),(9,4),(4,8),0,0,(1,4),(4,2),(2,7),(7,6),(6,8),(8,1),0,0,(1,10),(10,4),(9,10),(10,5),(5,1),0,0,(3,5),(5,4),(4,6),(6,1),0,0,(3,10),(10,7),(7,5),(5,8),(8,9),(9,11),(7,1),0,0,(1,9),(9,6),(6,10),(3,4),(4,11),(11,3),(3,1),0,0,(1,2),(2,11),(11,7),(7,9),(9,3),0,0,(8,2),(2,5),(5,11),(11,1),0
q 201

gdb23
Path scanning solution:
s 0,(1,2),(2,3),(3,1),(1,4),(4,2),(1,9),(9,4),0,0,(1,5),(5,2),(2,6),(6,1),0,0,(1,7),(7,2),(2,8),(8,1),(11,3),(3,6),0,0,(1,10),(10,2),(2,9),(9,5),(5,4),0,0,(1,11),(11,2),(4,3),(3,5),(5,7),(7,8),0,0,(8,3),(3,7),(7,4),(4,6),(6,5),(5,8),(8,11),0,0,(4,8),(8,6),(6,7),(7,10),(10,3),0,0,(4,10),(10,5),(5,11),(11,4),(6,9),(7,11),0,0,(11,6),(6,10),(10,8),(8,9),(9,3),0,0,(11,9),(9,7),(9,10),(10,11),0
q 248
Sim solution:
s 0,(1,4),(4,2),(6,3),(3,2),(2,1),0,0,(1,5),(5,2),(2,6),(6,1),0,0,(1,8),(8,2),(2,7),(7,9),(9,1),0,0,(1,10),(10,2),(2,9),(9,5),(5,4),0,0,(1,11),(11,2),(4,3),(3,5),(5,7),(7,8),0,0,(8,5),(5,6),(6,4),(4,7),(7,3),(3,8),(8,11),0,0,(1,3),(9,4),(4,8),(8,6),(6,7),(7,10),(10,11),0,0,(4,11),(11,5),(5,10),(10,4),(6,9),(7,11),0,0,(11,9),(9,8),(8,10),(10,6),(6,11),0,0,(1,7),(3,9),(9,10),(10,3),(3,11),0
q 240

gdb3
Path scanning solution:
s 0,(1,2),(2,4),(4,1),(1,7),(7,6),0,0,(1,9),(9,2),(9,10),(10,1),(1,12),0,0,(12,3),(3,4),(9,11),(11,5),(5,3),0,0,(12,5),(5,6),(6,12),(7,8),(8,10),0,0,(8,11),(11,10),0
q 339
Sim solution:
s 0,(12,3),(3,4),(2,4),(4,1),0,0,(1,2),(2,9),(9,10),(10,8),(7,6),0,0,(1,9),(9,11),(11,5),(5,12),0,0,(3,5),(5,6),(6,12),(12,1),0,0,(1,7),(7,8),(8,11),(11,10),(10,1),0
q 275

gdb4
Path scanning solution:
s 0,(1,2),(2,3),(3,4),(4,1),(1,6),0,0,(1,7),(7,6),(6,5),(5,3),(5,11),0,0,(1,10),(10,8),(8,7),(8,11),(11,9),0,0,(2,4),(2,9),(9,10),(10,11),0
q 350
Sim solution:
s 0,(1,4),(4,3),(3,5),(3,2),(2,4),0,0,(6,5),(5,11),(11,9),(9,2),(2,1),0,0,(1,7),(7,8),(7,6),(6,1),0,0,(1,10),(10,8),(8,11),(11,10),(10,9),0
q 287

gdb5
Path scanning solution:
s 0,(1,2),(2,3),(3,4),(4,1),(1,7),0,0,(1,10),(10,8),(8,7),(7,6),(6,5),0,0,(1,12),(12,5),(5,3),(3,13),(13,4),0,0,(12,6),(12,7),(12,13),(13,5),(5,11),0,0,(2,4),(2,9),(9,10),(10,11),(11,8),0,0,(9,11),0
q 486
Sim solution:
s 0,(12,13),(13,4),(4,2),(2,3),(3,5),0,0,(1,10),(10,8),(8,7),(7,6),(6,12),0,0,(12,5),(3,13),(13,5),(5,6),(7,12),0,0,(1,4),(4,3),(5,11),(11,8),(7,1),0,0,(2,9),(9,11),(11,10),(10,9),(2,1),0,0,(12,1),0
q 387

gdb6
Path scanning solution:
s 0,(1,2),(2,3),(3,4),(4,1),(1,7),0,0,(1,10),(10,8),(8,7),(7,6),(6,5),0,0,(1,12),(12,5),(5,3),(3,11),(11,4),0,0,(12,6),(12,7),(12,11),(11,5),(10,9),0,0,(2,4),(2,9),0
q 390
Sim solution:
s 0,(2,4),(4,3),(3,2),(2,1),0,0,(10,8),(8,7),(7,6),(6,12),0,0,(12,5),(5,11),(11,3),(3,5),(5,6),0,0,(1,12),(12,11),(11,4),(4,1),0,0,(2,9),(9,10),(10,1),(1,7),(7,12),0
q 324

gdb7
Path scanning solution:
s 0,(1,2),(2,3),(3,4),(4,1),(1,7),0,0,(1,10),(10,8),(8,7),(7,6),(6,11),0,0,(1,11),(11,5),(5,3),(5,12),(12,1),0,0,(12,7),(11,8),(10,9),(9,2),(2,4),0,0,(9,11),(11,10),0
q 368
Sim solution:
s 0,(1,2),(2,3),(5,3),(3,4),(4,1),0,0,(1,10),(10,8),(8,11),0,0,(1,11),(11,5),(5,12),(12,1),0,0,(9,10),(10,11),(11,9),(9,2),(2,4),0,0,(12,7),(7,6),(6,11),(8,7),(7,1),0
q 330

gdb8
Path scanning solution:
s 0,(1,3),(3,4),(4,5),(5,9),(6,3),0,0,(1,15),(15,13),(13,12),(12,2),(2,1),(1,24),(26,25),0,0,(1,17),(17,15),(15,20),(20,14),(14,13),(14,16),(16,17),0,0,(1,19),(1,27),(27,24),(23,21),(6,7),0,0,(24,23),(23,22),(22,21),(21,14),(21,25),0,0,(3,8),(8,6),(6,4),(4,10),(26,23),0,0,(27,26),(25,18),(18,14),0,0,(6,5),(6,9),(9,8),(22,25),0,0,(6,10),(10,11),(11,7),0,0,(18,21),(21,20),0
q 495
Sim solution:
s 0,(1,3),(6,10),(10,4),(4,3),0,0,(1,2),(2,12),(12,13),(13,15),(15,1),0,0,(1,17),(17,15),(15,20),(20,14),(14,16),(16,17),0,0,(24,23),(23,26),(26,27),(27,1),0,0,(23,22),(22,21),(20,21),(21,25),(25,22),(24,1),0,0,(3,6),(6,5),(5,9),(9,8),(1,19),0,0,(24,27),(26,25),(25,18),(21,14),0,0,(6,4),(4,5),(9,6),0,0,(3,8),(8,6),(10,11),(11,7),(7,6),0,0,(23,21),(21,18),(18,14),(14,13),0
q 358

gdb9
Path scanning solution:
s 0,(1,3),(3,4),(4,5),(5,9),(6,3),0,0,(1,15),(15,13),(13,12),(12,2),(2,1),(1,24),(26,25),0,0,(1,17),(17,15),(15,20),(20,14),(14,13),(12,4),(4,19),(19,12),0,0,(1,19),(1,27),(27,8),(8,3),(6,7),(6,8),(17,16),0,0,(4,6),(6,5),(4,10),(10,11),0,0,(10,6),(6,9),(9,8),(8,24),(23,26),0,0,(24,23),(23,21),(21,14),(14,16),(21,22),0,0,(24,27),(27,26),(23,22),(22,25),0,0,(7,11),(14,18),(18,21),0,0,(18,25),(25,21),(21,20),0
q 452
Sim solution:
s 0,(1,3),(3,4),(4,5),(9,5),(12,19),0,0,(1,2),(2,12),(12,13),(13,15),(15,1),0,0,(1,17),(17,15),(15,20),(20,14),0,0,(1,27),(27,8),(8,6),(6,10),(4,12),(19,1),0,0,(19,4),(4,6),(6,7),(7,11),(11,10),(10,4),0,0,(5,6),(6,9),(9,8),(8,24),0,0,(24,23),(23,22),(22,21),(21,18),(14,13),0,0,(6,3),(3,8),(27,26),(25,22),(23,26),0,0,(1,24),(24,27),(26,25),(25,18),(18,14),0,0,(23,21),(21,25),(20,21),(21,14),(14,16),(16,17),0
q 331

kshs1
Path scanning solution:
s 0,(1,3),(3,2),(2,4),(4,3),(3,8),0,0,(1,8),(8,4),(4,7),(2,5),0,0,(3,7),(7,2),(2,6),0,0,(7,6),(6,8),(8,5),0
q 16068
Sim solution:
s 0,(1,3),(3,2),(2,4),(4,3),0,0,(1,8),(8,5),(5,2),(2,6),0,0,(3,7),(7,6),(6,8),0,0,(3,8),(8,4),(4,7),(7,2),0
q 14729

kshs2
Path scanning solution:
s 0,(1,2),(2,8),(8,4),(8,6),(1,3),(3,9),(9,2),0,0,(1,6),(6,10),(10,3),0,0,(1,9),(9,4),(9,7),0,0,(9,10),(10,5),0
q 12048
Sim solution:
s 0,(1,2),(2,8),0,0,(1,6),(6,10),(10,3),(3,9),0,0,(1,3),(10,5),(10,9),(9,2),0,0,(1,9),(9,7),(9,4),(4,8),(8,6),0
q 9863

kshs3
Path scanning solution:
s 0,(1,2),(2,3),(3,1),(1,4),(4,2),(6,5),(5,3),0,0,(1,5),(5,2),(1,6),0,0,(4,3),(3,6),0,0,(4,5),(4,6),0,0,(2,6),0
q 12199
Sim solution:
s 0,(1,5),(5,6),(6,4),(4,2),(2,1),0,0,(3,4),(4,5),(5,3),(3,2),0,0,(1,3),(3,6),(6,1),0,0,(1,4),(5,2),(2,6),0
q 9524

kshs4
Path scanning solution:
s 0,(1,4),(4,3),(3,2),(3,5),(5,7),0,0,(1,5),(5,6),(6,4),0,0,(1,7),(7,2),(7,6),0,0,(7,8),(8,4),(8,6),0,0,(3,6),0
q 15248
Sim solution:
s 0,(1,4),(4,3),(3,5),(5,7),0,0,(1,7),(7,6),(6,5),0,0,(5,1),0,0,(7,8),(8,6),(6,4),(4,8),0,0,(6,3),(3,2),(2,7),0
q 12378

kshs5
Path scanning solution:
s 0,(1,2),(2,4),(4,1),(1,6),(6,3),(1,8),0,0,(2,5),(5,4),(4,3),(6,8),0,0,(2,7),(7,3),(4,7),(7,5),0,0,(8,4),0
q 15027
Sim solution:
s 0,(4,2),(2,5),(5,7),(7,2),(2,1),0,0,(8,4),(4,5),(4,3),(3,6),(6,8),(8,1),0,0,(1,6),(3,7),(7,4),(4,1),0
q 11151

kshs6
Path scanning solution:
s 0,(1,2),(2,3),(3,1),(1,6),(6,5),(5,2),(2,4),(4,8),0,0,(1,9),(9,3),(3,5),(6,9),0,0,(3,7),(7,4),(3,8),0
q 12913
Sim solution:
s 0,(1,2),(3,8),(8,4),(4,2),(2,5),(5,6),(6,1),0,0,(1,9),(9,3),(3,5),(6,9),0,0,(1,3),(3,2),(4,7),(7,3),0
q 10305

